0.000000
0.000000
0.000000
0.000000
0.000000
0.000000
0.000000
0.000000
0.000000
0.000000
0.000000
0.000000
0.000000
0.000000
0.000000
0.000000
0.000000
0.000000
0.000000
0.000000
0.000000
0.000000
0.000000
0.000000
0.000000
0.000000
0.000000
0.000000
0.000000
0.000000
0.000000
0.000000
0.000000
0.000000
0.000000
0.000000
0.000000
0.000000
0.000000
0.000000
0.000000
0.000000
0.000000
0.000000
0.000000
0.000000
0.000000
0.000000
0.000000
0.000000
0.000000
0.000000
0.000000
0.000000
0.000000
0.000000
0.000000
0.000000
0.000000
0.000000
0.000000
0.000000
0.000000
0.000000
0.000000
0.000000
0.000000
0.000000
0.000000
0.000000
0.000000
0.000000
0.000000
0.000000
0.000000
0.000000
0.000000
0.000000
0.000000
0.000000
0.000000
0.000000
0.000000
0.000000
0.000000
0.000000
0.000000
0.000000
0.000000
0.000000
0.000000
0.000000
0.000000
0.000000
0.000000
0.000000
0.000000
0.000000
0.000000
0.000000
0.000000
0.000000
0.000000
0.000000
0.000000
0.000000
0.000000
0.000000
0.000000
0.000000
0.000000
0.000000
0.000000
0.000000
0.000000
0.000000
0.000000
0.000000
0.000000
0.000000
0.000000
0.000000
0.000000
0.000000
0.000000
0.000000
0.000000
0.000000
0.000000
0.000000
0.000000
0.000000
0.000000
0.000000
0.000000
0.000000
0.000000
0.000000
0.000000
0.000000
0.000000
0.000000
0.005618
0.011236
0.016854
0.022472
0.028091
0.033709
0.039327
0.044945
0.050563
0.056181
0.061799
0.067417
0.073035
0.078653
0.084272
0.089890
0.095508
0.101126
0.106744
0.112362
0.117980
0.123598
0.129216
0.134835
0.140453
0.146071
0.151689
0.157307
0.162925
0.168543
0.174161
0.179779
0.185398
0.191016
0.196634
0.202252
0.207870
0.213488
0.219106
0.224724
0.230342
0.235960
0.241579
0.247197
0.252815
0.258433
0.264051
0.269669
0.275287
0.280905
0.286523
0.292142
0.297760
0.303378
0.308996
0.314614
0.320232
0.325850
0.331468
0.337086
0.342704
0.348323
0.353941
0.359559
0.365177
0.370795
0.376413
0.382031
0.387649
0.393267
0.398886
0.404504
0.410122
0.415740
0.421358
0.426976
0.432594
0.438212
0.443830
0.449448
0.455067
0.460685
0.466303
0.471921
0.477539
0.483157
0.488775
0.494393
0.500011
0.505630
0.511248
0.516866
0.522484
0.528102
0.533720
0.539338
0.544956
0.550574
0.556193
0.561811
0.567429
0.573047
0.578665
0.584283
0.589901
0.595519
0.601137
0.606755
0.612374
0.617992
0.623610
0.629228
0.634846
0.640464
0.646082
0.651700
0.657318
0.662937
0.668555
0.674173
0.679791
0.685409
0.691027
0.696645
0.702263
0.707881
0.713499
0.719118
0.724736
0.730354
0.735972
0.741590
0.747208
0.752826
0.758444
0.764062
0.769681
0.775299
0.780917
0.786535
0.792153
0.797771
0.803389
0.809007
0.814625
0.820243
0.825862
0.831480
0.837098
0.842716
0.848334
0.853952
0.859570
0.865188
0.870806
0.876425
0.882043
0.887661
0.893279
0.898897
0.904515
0.910133
0.915751
0.921369
0.926988
0.932606
0.938224
0.943842
0.949460
0.955078
0.960696
0.966314
0.971932
0.977550
0.983169
0.988787
0.994405
1.000023
1.005641
1.011259
1.016877
1.022495
1.028113
1.033732
1.039350
1.044968
1.050586
1.056204
1.061822
1.067440
1.073058
1.078676
1.084294
1.089913
1.095531
1.101149
1.106767
1.112385
1.118003
1.123621
1.129239
1.134857
1.140476
1.146094
1.151712
1.157330
1.162948
1.168566
1.174184
1.179802
1.185420
1.191038
1.196657
1.202275
1.207893
1.213511
1.219129
1.224747
1.230365
1.235983
1.241601
1.247220
1.252838
1.258456
1.264074
1.269692
1.275310
1.280928
1.286546
1.292164
1.297783
1.303401
1.309019
1.314637
1.320255
1.325873
1.331491
1.337109
1.342727
1.348345
1.353964
1.359582
1.365200
1.370818
1.376436
1.382054
1.387672
1.393290
1.398908
1.404527
1.410145
1.415763
1.421381
1.426999
1.432617
1.438235
1.443853
1.449471
1.455089
1.460708
1.466326
1.471944
1.471944
1.471944
1.471944
1.471944
1.471944
1.471944
1.471944
1.471944
1.471944
1.471944
1.471944
1.471944
1.471944
1.471944
1.471944
1.471944
1.471944
1.471944
1.471944
1.471944
1.471944
1.471944
1.471944
1.471944
1.471944
1.471944
1.471944
1.471944
1.471944
1.471944
1.471944
1.471944
1.471944
1.471944
1.471944
1.471944
1.471944
1.471944
1.471944
1.471944
1.471944
1.471944
1.471944
1.471944
1.471944
1.471944
1.471944
1.471944
1.471944
1.471944
1.471944
1.471944
1.471944
1.471944
1.471944
1.471944
1.471944
1.471944
1.471944
1.471944
1.471944
1.471944
1.471944
1.471944
1.471944
1.471944
1.471944
1.471944
1.471944
1.471944
1.471944
1.471944
1.471944
1.471944
1.471944
1.471944
1.471944
1.471944
1.471944
1.471944
1.471944
1.471944
1.471944
1.471944
1.471944
1.471944
1.471944
1.471944
1.471944
1.471944
1.471944
1.471944
1.471944
1.471944
1.471944
1.471944
1.471944
1.471944
1.471944
1.471944
1.471944
1.471944
1.471944
1.471944
1.471944
1.471944
1.471944
1.471944
1.471944
1.471944
1.471944
1.471944
1.471944
1.471944
1.471944
1.471944
1.471944
1.471944
1.471944
1.471944
1.471944
1.471944
1.471944
1.471944
1.471944
1.471944
1.471944
1.471944
1.471944
1.471944
1.471944
1.471944
1.471944
1.471944
1.471944
1.471944
1.471944
1.471944
1.471944
1.471944
1.471944
1.471944
1.471944
1.471944
1.471944
1.471944
1.471944
1.471944
1.471944
1.471944
1.471944
1.471944
1.471944
1.471944
1.471944
1.471944
1.471944
1.471944
1.471944
1.471944
1.471944
1.471944
1.471944
1.471944
1.471944
1.471944
1.471944
1.471944
1.471944
1.471944
1.471944
1.471944
1.471944
1.471944
1.471944
1.471944
1.471944
1.471944
1.471944
1.471944
1.471944
1.471944
1.471944
1.471944
1.471944
1.471944
1.471944
1.471944
1.471944
1.471944
1.471944
1.471944
1.471944
1.471944
1.471944
1.471944
1.471944
1.471944
1.471944
1.471944
1.471944
1.471944
1.471944
1.471944
1.471944
1.471944
1.471944
1.471944
1.471944
1.471944
1.471944
1.471944
1.471944
1.471944
1.471944
1.471944
1.471944
1.471944
1.471944
1.471944
1.471944
1.471944
1.471944
1.471944
1.471944
1.471944
1.471944
1.471944
1.471944
1.471944
1.471944
1.471944
1.471944
1.471944
1.471944
1.471944
1.471944
1.471944
1.471944
1.471944
1.471944
1.471944
1.471944
1.471944
1.471944
1.471944
1.471944
1.471944
1.471944
1.471944
1.471944
1.471944
1.471944
1.471944
1.471944
1.471944
1.471944
1.471944
1.471944
1.471944
1.471944
1.471944
1.471944
1.471944
1.471944
1.471944
1.478054
1.484164
1.490274
1.496384
1.502494
1.508604
1.514714
1.520825
1.526935
1.533045
1.539155
1.545265
1.551375
1.557485
1.563595
1.569705
1.575815
1.581926
1.588036
1.594146
1.600256
1.606366
1.612476
1.618586
1.624696
1.630806
1.636916
1.643026
1.649137
1.655247
1.661357
1.667467
1.673577
1.679687
1.685797
1.691907
1.698017
1.704127
1.710238
1.716348
1.722458
1.728568
1.734678
1.740788
1.746898
1.753008
1.759118
1.765228
1.771339
1.777449
1.783559
1.789669
1.795779
1.801889
1.807999
1.814109
1.820219
1.826329
1.832439
1.838550
1.844660
1.850770
1.856880
1.862990
1.869100
1.875210
1.881320
1.887430
1.893540
1.899651
1.905761
1.911871
1.917981
1.924091
1.930201
1.936311
1.942421
1.948531
1.954641
1.960751
1.966862
1.972972
1.979082
1.985192
1.991302
1.997412
2.003522
2.009632
2.015742
2.021852
2.027963
2.034073
2.040183
2.046293
2.052403
2.058513
2.064623
2.070733
2.076843
2.082953
2.089063
2.095174
2.101284
2.107394
2.113504
2.119614
2.125724
2.131834
2.137944
2.144054
2.150164
2.156275
2.162385
2.168495
2.174605
2.180715
2.186825
2.192935
2.199045
2.205155
2.211265
2.217376
2.223486
2.229596
2.235706
2.241816
2.247926
2.254036
2.260146
2.266256
2.272366
2.278476
2.284587
2.290697
2.296807
2.302917
2.309027
2.315137
2.321247
2.327357
2.333467
2.339577
2.345688
2.351798
2.357908
2.364018
2.370128
2.376238
2.382348
2.388458
2.394568
2.400678
2.406788
2.412899
2.419009
2.425119
2.431229
2.437339
2.443449
2.449559
2.455669
2.461779
2.467889
2.474000
2.480110
2.486220
2.492330
2.498440
2.504550
2.510660
2.516770
2.522880
2.528990
2.535100
2.541211
2.547321
2.553431
2.559541
2.565651
2.571761
2.577871
2.583981
2.590091
2.596201
2.602312
2.608422
2.614532
2.620642
2.626752
2.632862
2.638972
2.645082
2.651192
2.657302
2.663413
2.669523
2.675633
2.681743
2.687853
2.693963
2.700073
2.706183
2.712293
2.718403
2.724513
2.730624
2.736734
2.742844
2.748954
2.755064
2.761174
2.767284
2.773394
2.779504
2.785614
2.791725
2.797835
2.803945
2.810055
2.816165
2.822275
2.828385
2.834495
2.840605
2.846715
2.852825
2.858936
2.865046
2.871156
2.877266
2.883376
2.889486
2.895596
2.901706
2.907816
2.913926
2.920037
2.926147
2.932257
2.938367
2.944477
2.950587
2.956697
2.962807
2.968917
2.975027
2.981137
2.987248
2.993358
2.999468
3.005578
3.011688
3.017798
3.023908
3.030018
3.036128
3.042238
3.048349
3.054459
3.060569
3.066679
3.072789
3.078899
3.085009
3.091119
3.097229
3.103339
3.109450
3.120645
3.120645
3.120645
3.120645
3.120645
3.120645
3.120645
3.120645
3.120645
3.120645
3.120645
3.120645
3.120645
3.120645
3.120645
3.120645
3.120645
3.120645
3.120645
3.120645
3.120645
3.120645
3.120645
3.120645
3.120645
3.120645
3.120645
3.120645
3.120645
3.120645
3.120645
3.120645
3.120645
3.120645
3.120645
3.120645
3.120645
3.120645
3.120645
3.120645
3.120645
3.120645
3.120645
3.120645
3.120645
3.120645
3.120645
3.120645
3.120645
3.120645
3.120645
3.120645
3.120645
3.120645
3.120645
3.120645
3.120645
3.120645
3.120645
3.120645
3.120645
3.120645
3.120645
3.120645
3.120645
3.120645
3.120645
3.120645
3.120645
3.120645
3.120645
3.120645
3.120645
3.120645
3.120645
3.120645
3.120645
3.120645
3.120645
3.120645
3.120645
3.120645
3.120645
3.120645
3.120645
3.120645
3.120645
3.120645
3.120645
3.120645
3.120645
3.120645
3.120645
3.120645
3.120645
3.120645
3.120645
3.120645
3.120645
3.120645
3.120645
3.120645
3.120645
3.120645
3.120645
3.120645
3.120645
3.120645
3.120645
3.120645
3.120645
3.120645
3.120645
3.120645
3.120645
3.120645
3.120645
3.120645
3.120645
3.120645
3.120645
3.120645
3.120645
3.120645
3.120645
3.120645
3.120645
3.120645
3.120645
3.120645
3.120645
3.120645
3.120645
3.120645
3.120645
3.120645
3.120645
3.120645
3.120645
3.120645
3.120645
3.120645
3.120645
3.120645
3.120645
3.120645
3.120645
3.120645
3.120645
3.120645
3.120645
3.120645
3.120645
3.120645
3.120645
3.120645
3.120645
3.120645
3.120645
3.120645
3.120645
3.120645
3.120645
3.120645
3.120645
3.120645
3.120645
3.120645
3.120645
3.120645
3.120645
3.120645
3.120645
3.120645
3.120645
3.120645
3.120645
3.120645
3.120645
3.120645
3.120645
3.120645
3.120645
3.120645
3.120645
3.120645
3.120645
3.120645
3.120645
3.120645
3.120645
3.120645
3.120645
3.120645
3.120645
3.120645
3.120645
3.120645
3.120645
3.120645
3.120645
3.120645
3.120645
3.120645
3.120645
3.120645
3.120645
3.120645
3.120645
3.120645
3.120645
3.120645
3.120645
3.120645
3.120645
3.120645
3.120645
3.120645
3.120645
3.120645
3.120645
3.120645
3.120645
3.120645
3.120645
3.120645
3.120645
3.120645
3.120645
3.120645
3.120645
3.120645
3.120645
3.120645
3.120645
3.120645
3.120645
3.120645
3.120645
3.120645
3.120645
3.120645
3.120645
3.120645
3.120645
3.120645
3.120645
3.120645
3.120645
3.120645
3.120645
3.120645
3.120645
3.120645
3.120645
3.120645
3.120645
3.120645
3.120645
3.120645
3.120645
3.120645
3.120645
3.120645
3.120645
3.120645
3.120645
3.120645
3.120645
3.120645
3.127084
3.133523
3.139962
3.146401
3.152840
3.159279
3.165718
3.172157
3.178595
3.185034
3.191473
3.197912
3.204351
3.210790
3.217229
3.223668
3.230107
3.236546
3.242985
3.249424
3.255863
3.262302
3.268741
3.275180
3.281619
3.288058
3.294497
3.300935
3.307374
3.313813
3.320252
3.326691
3.333130
3.339569
3.346008
3.352447
3.358886
3.365325
3.371764
3.378203
3.384642
3.391081
3.397520
3.403959
3.410398
3.416837
3.423276
3.429714
3.436153
3.442592
3.449031
3.455470
3.461909
3.468348
3.474787
3.481226
3.487665
3.494104
3.500543
3.506982
3.513421
3.519860
3.526299
3.532738
3.539177
3.545616
3.552054
3.558493
3.564932
3.571371
3.577810
3.584249
3.590688
3.597127
3.603566
3.610005
3.616444
3.622883
3.629322
3.635761
3.642200
3.648639
3.655078
3.661517
3.667956
3.674394
3.680833
3.687272
3.693711
3.700150
3.706589
3.713028
3.719467
3.725906
3.732345
3.738784
3.745223
3.751662
3.758101
3.764540
3.770979
3.777418
3.783857
3.790296
3.796735
3.803173
3.809612
3.816051
3.822490
3.828929
3.835368
3.841807
3.848246
3.854685
3.861124
3.867563
3.874002
3.880441
3.886880
3.893319
3.899758
3.906197
3.912636
3.919075
3.925513
3.931952
3.938391
3.944830
3.951269
3.957708
3.964147
3.970586
3.977025
3.983464
3.989903
3.996342
4.002781
4.009220
4.015659
4.022098
4.028537
4.034976
4.041415
4.047854
4.054292
4.060731
4.067170
4.073609
4.080048
4.086487
4.092926
4.099365
4.105804
4.112243
4.118682
4.125121
4.131560
4.137999
4.144438
4.150877
4.157316
4.163755
4.170194
4.176632
4.183071
4.189510
4.195949
4.202388
4.208827
4.215266
4.221705
4.228144
4.234583
4.241022
4.247461
4.253900
4.260339
4.266778
4.273217
4.279656
4.286095
4.292534
4.298973
4.305411
4.311850
4.318289
4.324728
4.331167
4.337606
4.344045
4.350484
4.356923
4.363362
4.369801
4.376240
4.382679
4.389118
4.395557
4.401996
4.408435
4.414874
4.421313
4.427751
4.434190
4.440629
4.447068
4.453507
4.459946
4.466385
4.472824
4.479263
4.485702
4.492141
4.498580
4.505019
4.511458
4.517897
4.524336
4.530775
4.537214
4.543653
4.550092
4.556530
4.562969
4.569408
4.575847
4.582286
4.588725
4.595164
4.601603
4.608042
4.614481
4.620920
4.627359
4.633798
4.640237
4.646676
4.653115
4.659554
4.665993
4.672432
4.678870
4.685309
4.691748
4.698187
4.704626
4.711065
4.717504
4.723943
4.730382
4.736821
4.743260
4.749699
4.756138
4.762577
4.769016
4.775455
4.781894
4.788333
4.794772
4.801210
4.807649
4.814088
4.820527
4.826966
4.833405
4.839844
4.846283
4.852722
4.859161
4.865600
4.877277
4.877277
4.877277
4.877277
4.877277
4.877277
4.877277
4.877277
4.877277
4.877277
4.877277
4.877277
4.877277
4.877277
4.877277
4.877277
4.877277
4.877277
4.877277
4.877277
4.877277
4.877277
4.877277
4.877277
4.877277
4.877277
4.877277
4.877277
4.877277
4.877277
4.877277
4.877277
4.877277
4.877277
4.877277
4.877277
4.877277
4.877277
4.877277
4.877277
4.877277
4.877277
4.877277
4.877277
4.877277
4.877277
4.877277
4.877277
4.877277
4.877277
4.877277
4.877277
4.877277
4.877277
4.877277
4.877277
4.877277
4.877277
4.877277
4.877277
4.877277
4.877277
4.877277
4.877277
4.877277
4.877277
4.877277
4.877277
4.877277
4.877277
4.877277
4.877277
4.877277
4.877277
4.877277
4.877277
4.877277
4.877277
4.877277
4.877277
4.877277
4.877277
4.877277
4.877277
4.877277
4.877277
4.877277
4.877277
4.877277
4.877277
4.877277
4.877277
4.877277
4.877277
4.877277
4.877277
4.877277
4.877277
4.877277
4.877277
4.877277
4.877277
4.877277
4.877277
4.877277
4.877277
4.877277
4.877277
4.877277
4.877277
4.877277
4.877277
4.877277
4.877277
4.877277
4.877277
4.877277
4.877277
4.877277
4.877277
4.877277
4.877277
4.877277
4.877277
4.877277
4.877277
4.877277
4.877277
4.877277
4.877277
4.877277
4.877277
4.877277
4.877277
4.877277
4.877277
4.877277
4.877277
4.877277
4.877277
4.877277
4.877277
4.877277
4.877277
4.877277
4.877277
4.877277
4.877277
4.877277
4.877277
4.877277
4.877277
4.877277
4.877277
4.877277
4.877277
4.877277
4.877277
4.877277
4.877277
4.877277
4.877277
4.877277
4.877277
4.877277
4.877277
4.877277
4.877277
4.877277
4.877277
4.877277
4.877277
4.877277
4.877277
4.877277
4.877277
4.877277
4.877277
4.877277
4.877277
4.877277
4.877277
4.877277
4.877277
4.877277
4.877277
4.877277
4.877277
4.877277
4.877277
4.877277
4.877277
4.877277
4.877277
4.877277
4.877277
4.877277
4.877277
4.877277
4.877277
4.877277
4.877277
4.877277
4.877277
4.877277
4.877277
4.877277
4.877277
4.877277
4.877277
4.877277
4.877277
4.877277
4.877277
4.877277
4.877277
4.877277
4.877277
4.877277
4.877277
4.877277
4.877277
4.877277
4.877277
4.877277
4.877277
4.877277
4.877277
4.877277
4.877277
4.877277
4.877277
4.877277
4.877277
4.877277
4.877277
4.877277
4.877277
4.877277
4.877277
4.877277
4.877277
4.877277
4.877277
4.877277
4.877277
4.877277
4.877277
4.877277
4.877277
4.877277
4.877277
4.877277
4.877277
4.877277
4.877277
4.877277
4.877277
4.877277
4.877277
4.877277
4.877277
4.877277
4.877277
4.877277
4.877277
4.877277
4.877277
4.877277
4.877277
4.877277
4.877277
4.877277
4.883970
4.890663
4.897355
4.904048
4.910741
4.917434
4.924126
4.930819
4.937512
4.944205
4.950898
4.957590
4.964283
4.970976
4.977669
4.984361
4.991054
4.997747
5.004440
5.011133
5.017825
5.024518
5.031211
5.037904
5.044596
5.051289
5.057982
5.064675
5.071368
5.078060
5.084753
5.091446
5.098139
5.104831
5.111524
5.118217
5.124910
5.131603
5.138295
5.144988
5.151681
5.158374
5.165066
5.171759
5.178452
5.185145
5.191838
5.198530
5.205223
5.211916
5.218609
5.225301
5.231994
5.238687
5.245380
5.252073
5.258765
5.265458
5.272151
5.278844
5.285536
5.292229
5.298922
5.305615
5.312308
5.319000
5.325693
5.332386
5.339079
5.345771
5.352464
5.359157
5.365850
5.372543
5.379235
5.385928
5.392621
5.399314
5.406006
5.412699
5.419392
5.426085
5.432778
5.439470
5.446163
5.452856
5.459549
5.466241
5.472934
5.479627
5.486320
5.493013
5.499705
5.506398
5.513091
5.519784
5.526476
5.533169
5.539862
5.546555
5.553248
5.559940
5.566633
5.573326
5.580019
5.586711
5.593404
5.600097
5.606790
5.613483
5.620175
5.626868
5.633561
5.640254
5.646946
5.653639
5.660332
5.667025
5.673717
5.680410
5.687103
5.693796
5.700489
5.707181
5.713874
5.720567
5.727260
5.733952
5.740645
5.747338
5.754031
5.760724
5.767416
5.774109
5.780802
5.787495
5.794187
5.800880
5.807573
5.814266
5.820959
5.827651
5.834344
5.841037
5.847730
5.854422
5.861115
5.867808
5.874501
5.881194
5.887886
5.894579
5.901272
5.907965
5.914657
5.921350
5.928043
5.934736
5.941429
5.948121
5.954814
5.961507
5.968200
5.974892
5.981585
5.988278
5.994971
6.001664
6.008356
6.015049
6.021742
6.028435
6.035127
6.041820
6.048513
6.055206
6.061899
6.068591
6.075284
6.081977
6.088670
6.095362
6.102055
6.108748
6.115441
6.122134
6.128826
6.135519
6.142212
6.148905
6.155597
6.162290
6.168983
6.175676
6.182369
6.189061
6.195754
6.202447
6.209140
6.215832
6.222525
6.229218
6.235911
6.242604
6.249296
6.255989
6.262682
6.269375
6.276067
6.282760
6.289453
6.296146
6.302839
6.309531
6.316224
6.322917
6.329610
6.336302
6.342995
6.349688
6.356381
6.363074
6.369766
6.376459
6.383152
6.389845
6.396537
6.403230
6.409923
6.416616
6.423309
6.430001
6.436694
6.443387
6.450080
6.456772
6.463465
6.470158
6.476851
6.483544
6.490236
6.496929
6.503622
6.510315
6.517007
6.523700
6.530393
6.537086
6.543778
6.550471
6.557164
6.563857
6.570550
6.577242
6.583935
6.590628
6.597321
6.604013
6.610706
6.617399
6.624092
6.630785
6.637477
6.644170
6.650863
6.657556
6.664248
6.670941
6.677634
6.684327
6.691020
6.697712
6.704405
6.711098
6.722348
6.722348
6.722348
6.722348
6.722348
6.722348
6.722348
6.722348
6.722348
6.722348
6.722348
6.722348
6.722348
6.722348
6.722348
6.722348
6.722348
6.722348
6.722348
6.722348
6.722348
6.722348
6.722348
6.722348
6.722348
6.722348
6.722348
6.722348
6.722348
6.722348
6.722348
6.722348
6.722348
6.722348
6.722348
6.722348
6.722348
6.722348
6.722348
6.722348
6.722348
6.722348
6.722348
6.722348
6.722348
6.722348
6.722348
6.722348
6.722348
6.722348
6.722348
6.722348
6.722348
6.722348
6.722348
6.722348
6.722348
6.722348
6.722348
6.722348
6.722348
6.722348
6.722348
6.722348
6.722348
6.722348
6.722348
6.722348
6.722348
6.722348
6.722348
6.722348
6.722348
6.722348
6.722348
6.722348
6.722348
6.722348
6.722348
6.722348
6.722348
6.722348
6.722348
6.722348
6.722348
6.722348
6.722348
6.722348
6.722348
6.722348
6.722348
6.722348
6.722348
6.722348
6.722348
6.722348
6.722348
6.722348
6.722348
6.722348
6.722348
6.722348
6.722348
6.722348
6.722348
6.722348
6.722348
6.722348
6.722348
6.722348
6.722348
6.722348
6.722348
6.722348
6.722348
6.722348
6.722348
6.722348
6.722348
6.722348
6.722348
6.722348
6.722348
6.722348
6.722348
6.722348
6.722348
6.722348
6.722348
6.722348
6.722348
6.722348
6.722348
6.722348
6.722348
6.722348
6.722348
6.722348
6.722348
6.722348
6.722348
6.722348
6.722348
6.722348
6.722348
6.722348
6.722348
6.722348
6.722348
6.722348
6.722348
6.722348
6.722348
6.722348
6.722348
6.722348
6.722348
6.722348
6.722348
6.722348
6.722348
6.722348
6.722348
6.722348
6.722348
6.722348
6.722348
6.722348
6.722348
6.722348
6.722348
6.722348
6.722348
6.722348
6.722348
6.722348
6.722348
6.722348
6.722348
6.722348
6.722348
6.722348
6.722348
6.722348
6.722348
6.722348
6.722348
6.722348
6.722348
6.722348
6.722348
6.722348
6.722348
6.722348
6.722348
6.722348
6.722348
6.722348
6.722348
6.722348
6.722348
6.722348
6.722348
6.722348
6.722348
6.722348
6.722348
6.722348
6.722348
6.722348
6.722348
6.722348
6.722348
6.722348
6.722348
6.722348
6.722348
6.722348
6.722348
6.722348
6.722348
6.722348
6.722348
6.722348
6.722348
6.722348
6.722348
6.722348
6.722348
6.722348
6.722348
6.722348
6.722348
6.722348
6.722348
6.722348
6.722348
6.722348
6.722348
6.722348
6.722348
6.722348
6.722348
6.722348
6.722348
6.722348
6.722348
6.722348
6.722348
6.722348
6.722348
6.722348
6.722348
6.722348
6.722348
6.722348
6.722348
6.722348
6.722348
6.722348
6.722348
6.722348
6.722348
6.722348
6.722348
6.722348
6.722348
6.722348
6.722348
6.722348
6.722348
6.722348
6.722348
6.722348
6.722348
6.722348
6.722348
6.729215
6.736081
6.742948
6.749815
6.756681
6.763548
6.770415
6.777281
6.784148
6.791015
6.797881
6.804748
6.811615
6.818481
6.825348
6.832215
6.839081
6.845948
6.852815
6.859681
6.866548
6.873415
6.880281
6.887148
6.894015
6.900881
6.907748
6.914615
6.921481
6.928348
6.935215
6.942081
6.948948
6.955815
6.962681
6.969548
6.976415
6.983281
6.990148
6.997015
7.003881
7.010748
7.017615
7.024481
7.031348
7.038215
7.045081
7.051948
7.058815
7.065681
7.072548
7.079414
7.086281
7.093148
7.100014
7.106881
7.113748
7.120614
7.127481
7.134348
7.141214
7.148081
7.154948
7.161814
7.168681
7.175548
7.182414
7.189281
7.196148
7.203014
7.209881
7.216748
7.223614
7.230481
7.237348
7.244214
7.251081
7.257948
7.264814
7.271681
7.278548
7.285414
7.292281
7.299148
7.306014
7.312881
7.319748
7.326614
7.333481
7.340348
7.347214
7.354081
7.360948
7.367814
7.374681
7.381548
7.388414
7.395281
7.402148
7.409014
7.415881
7.422748
7.429614
7.436481
7.443348
7.450214
7.457081
7.463948
7.470814
7.477681
7.484547
7.491414
7.498281
7.505147
7.512014
7.518881
7.525747
7.532614
7.539481
7.546347
7.553214
7.560081
7.566947
7.573814
7.580681
7.587547
7.594414
7.601281
7.608147
7.615014
7.621881
7.628747
7.635614
7.642481
7.649347
7.656214
7.663081
7.669947
7.676814
7.683681
7.690547
7.697414
7.704281
7.711147
7.718014
7.724881
7.731747
7.738614
7.745481
7.752347
7.759214
7.766081
7.772947
7.779814
7.786681
7.793547
7.800414
7.807281
7.814147
7.821014
7.827881
7.834747
7.841614
7.848481
7.855347
7.862214
7.869080
7.875947
7.882814
7.889680
7.896547
7.903414
7.910280
7.917147
7.924014
7.930880
7.937747
7.944614
7.951480
7.958347
7.965214
7.972080
7.978947
7.985814
7.992680
7.999547
8.006414
8.013280
8.020147
8.027014
8.033880
8.040747
8.047614
8.054480
8.061347
8.068214
8.075080
8.081947
8.088814
8.095680
8.102547
8.109414
8.116280
8.123147
8.130014
8.136880
8.143747
8.150614
8.157480
8.164347
8.171214
8.178080
8.184947
8.191814
8.198680
8.205547
8.212414
8.219280
8.226147
8.233014
8.239880
8.246747
8.253614
8.260480
8.267347
8.274213
8.281080
8.287947
8.294813
8.301680
8.308547
8.315413
8.322280
8.329147
8.336013
8.342880
8.349747
8.356613
8.363480
8.370347
8.377213
8.384080
8.390947
8.397813
8.404680
8.411547
8.418413
8.425280
8.432147
8.439013
8.445880
8.452747
8.459613
8.466480
8.473347
8.480213
8.487080
8.493947
8.500813
8.507680
8.514547
8.521413
8.528280
8.535147
8.542013
8.548880
8.555747
8.562613
8.569480
8.576347
8.583213
8.590080
8.596947
8.603813
8.610680
8.617547
8.624413
8.631280
8.641649
8.641649
8.641649
8.641649
8.641649
8.641649
8.641649
8.641649
8.641649
8.641649
8.641649
8.641649
8.641649
8.641649
8.641649
8.641649
8.641649
8.641649
8.641649
8.641649
8.641649
8.641649
8.641649
8.641649
8.641649
8.641649
8.641649
8.641649
8.641649
8.641649
8.641649
8.641649
8.641649
8.641649
8.641649
8.641649
8.641649
8.641649
8.641649
8.641649
8.641649
8.641649
8.641649
8.641649
8.641649
8.641649
8.641649
8.641649
8.641649
8.641649
8.641649
8.641649
8.641649
8.641649
8.641649
8.641649
8.641649
8.641649
8.641649
8.641649
8.641649
8.641649
8.641649
8.641649
8.641649
8.641649
8.641649
8.641649
8.641649
8.641649
8.641649
8.641649
8.641649
8.641649
8.641649
8.641649
8.641649
8.641649
8.641649
8.641649
8.641649
8.641649
8.641649
8.641649
8.641649
8.641649
8.641649
8.641649
8.641649
8.641649
8.641649
8.641649
8.641649
8.641649
8.641649
8.641649
8.641649
8.641649
8.641649
8.641649
8.641649
8.641649
8.641649
8.641649
8.641649
8.641649
8.641649
8.641649
8.641649
8.641649
8.641649
8.641649
8.641649
8.641649
8.641649
8.641649
8.641649
8.641649
8.641649
8.641649
8.641649
8.641649
8.641649
8.641649
8.641649
8.641649
8.641649
8.641649
8.641649
8.641649
8.641649
8.641649
8.641649
8.641649
8.641649
8.641649
8.641649
8.641649
8.641649
8.641649
8.641649
8.641649
8.641649
8.641649
8.641649
8.641649
8.641649
8.641649
8.641649
8.641649
8.641649
8.641649
8.641649
8.641649
8.641649
8.641649
8.641649
8.641649
8.641649
8.641649
8.641649
8.641649
8.641649
8.641649
8.641649
8.641649
8.641649
8.641649
8.641649
8.641649
8.641649
8.641649
8.641649
8.641649
8.641649
8.641649
8.641649
8.641649
8.641649
8.641649
8.641649
8.641649
8.641649
8.641649
8.641649
8.641649
8.641649
8.641649
8.641649
8.641649
8.641649
8.641649
8.641649
8.641649
8.641649
8.641649
8.641649
8.641649
8.641649
8.641649
8.641649
8.641649
8.641649
8.641649
8.641649
8.641649
8.641649
8.641649
8.641649
8.641649
8.641649
8.641649
8.641649
8.641649
8.641649
8.641649
8.641649
8.641649
8.641649
8.641649
8.641649
8.641649
8.641649
8.641649
8.641649
8.641649
8.641649
8.641649
8.641649
8.641649
8.641649
8.641649
8.641649
8.641649
8.641649
8.641649
8.641649
8.641649
8.641649
8.641649
8.641649
8.641649
8.641649
8.641649
8.641649
8.641649
8.641649
8.641649
8.641649
8.641649
8.641649
8.641649
8.641649
8.641649
8.641649
8.641649
8.641649
8.641649
8.641649
8.641649
8.641649
8.641649
8.641649
8.641649
8.641649
8.641649
8.641649
8.641649
8.641649
8.641649
8.641649
8.641649
8.641649
8.641649
8.641649
8.641649
8.641649
8.641649
8.641649
8.641649
8.641649
8.641649
8.648641
8.655633
8.662624
8.669616
8.676608
8.683599
8.690591
8.697583
8.704574
8.711566
8.718558
8.725549
8.732541
8.739533
8.746524
8.753516
8.760508
8.767499
8.774491
8.781483
8.788474
8.795466
8.802458
8.809449
8.816441
8.823433
8.830424
8.837416
8.844408
8.851399
8.858391
8.865383
8.872374
8.879366
8.886358
8.893349
8.900341
8.907333
8.914324
8.921316
8.928308
8.935299
8.942291
8.949283
8.956274
8.963266
8.970258
8.977249
8.984241
8.991233
8.998224
9.005216
9.012208
9.019199
9.026191
9.033183
9.040174
9.047166
9.054158
9.061150
9.068141
9.075133
9.082125
9.089116
9.096108
9.103100
9.110091
9.117083
9.124075
9.131066
9.138058
9.145050
9.152041
9.159033
9.166025
9.173016
9.180008
9.187000
9.193991
9.200983
9.207975
9.214966
9.221958
9.228950
9.235941
9.242933
9.249925
9.256916
9.263908
9.270900
9.277891
9.284883
9.291875
9.298866
9.305858
9.312850
9.319841
9.326833
9.333825
9.340816
9.347808
9.354800
9.361791
9.368783
9.375775
9.382766
9.389758
9.396750
9.403741
9.410733
9.417725
9.424716
9.431708
9.438700
9.445691
9.452683
9.459675
9.466666
9.473658
9.480650
9.487641
9.494633
9.501625
9.508616
9.515608
9.522600
9.529591
9.536583
9.543575
9.550566
9.557558
9.564550
9.571542
9.578533
9.585525
9.592517
9.599508
9.606500
9.613492
9.620483
9.627475
9.634467
9.641458
9.648450
9.655442
9.662433
9.669425
9.676417
9.683408
9.690400
9.697392
9.704383
9.711375
9.718367
9.725358
9.732350
9.739342
9.746333
9.753325
9.760317
9.767308
9.774300
9.781292
9.788283
9.795275
9.802267
9.809258
9.816250
9.823242
9.830233
9.837225
9.844217
9.851208
9.858200
9.865192
9.872183
9.879175
9.886167
9.893158
9.900150
9.907142
9.914133
9.921125
9.928117
9.935108
9.942100
9.949092
9.956083
9.963075
9.970067
9.977058
9.984050
9.991042
9.998033
10.005025
10.012017
10.019008
10.026000
10.032992
10.039983
10.046975
10.053967
10.060958
10.067950
10.074942
10.081934
10.088925
10.095917
10.102909
10.109900
10.116892
10.123884
10.130875
10.137867
10.144859
10.151850
10.158842
10.165834
10.172825
10.179817
10.186809
10.193800
10.200792
10.207784
10.214775
10.221767
10.228759
10.235750
10.242742
10.249734
10.256725
10.263717
10.270709
10.277700
10.284692
10.291684
10.298675
10.305667
10.312659
10.319650
10.326642
10.333634
10.340625
10.347617
10.354609
10.361600
10.368592
10.375584
10.382575
10.389567
10.396559
10.403550
10.410542
10.417534
10.424525
10.431517
10.438509
10.445500
10.452492
10.459484
10.466475
10.473467
10.480459
10.487450
10.494442
10.501434
10.508425
10.515417
10.522409
10.529400
10.536392
10.543384
10.550375
10.557367
10.564359
10.571350
10.578342
10.585334
10.592326
10.599317
10.606309
10.615212
10.615212
10.615212
10.615212
10.615212
10.615212
10.615212
10.615212
10.615212
10.615212
10.615212
10.615212
10.615212
10.615212
10.615212
10.615212
10.615212
10.615212
10.615212
10.615212
10.615212
10.615212
10.615212
10.615212
10.615212
10.615212
10.615212
10.615212
10.615212
10.615212
10.615212
10.615212
10.615212
10.615212
10.615212
10.615212
10.615212
10.615212
10.615212
10.615212
10.615212
10.615212
10.615212
10.615212
10.615212
10.615212
10.615212
10.615212
10.615212
10.615212
10.615212
10.615212
10.615212
10.615212
10.615212
10.615212
10.615212
10.615212
10.615212
10.615212
10.615212
10.615212
10.615212
10.615212
10.615212
10.615212
10.615212
10.615212
10.615212
10.615212
10.615212
10.615212
10.615212
10.615212
10.615212
10.615212
10.615212
10.615212
10.615212
10.615212
10.615212
10.615212
10.615212
10.615212
10.615212
10.615212
10.615212
10.615212
10.615212
10.615212
10.615212
10.615212
10.615212
10.615212
10.615212
10.615212
10.615212
10.615212
10.615212
10.615212
10.615212
10.615212
10.615212
10.615212
10.615212
10.615212
10.615212
10.615212
10.615212
10.615212
10.615212
10.615212
10.615212
10.615212
10.615212
10.615212
10.615212
10.615212
10.615212
10.615212
10.615212
10.615212
10.615212
10.615212
10.615212
10.615212
10.615212
10.615212
10.615212
10.615212
10.615212
10.615212
10.615212
10.615212
10.615212
10.615212
10.615212
10.615212
10.615212
10.615212
10.615212
10.615212
10.615212
10.615212
10.615212
10.615212
10.615212
10.615212
10.615212
10.615212
10.615212
10.615212
10.615212
10.615212
10.615212
10.615212
10.615212
10.615212
10.615212
10.615212
10.615212
10.615212
10.615212
10.615212
10.615212
10.615212
10.615212
10.615212
10.615212
10.615212
10.615212
10.615212
10.615212
10.615212
10.615212
10.615212
10.615212
10.615212
10.615212
10.615212
10.615212
10.615212
10.615212
10.615212
10.615212
10.615212
10.615212
10.615212
10.615212
10.615212
10.615212
10.615212
10.615212
10.615212
10.615212
10.615212
10.615212
10.615212
10.615212
10.615212
10.615212
10.615212
10.615212
10.615212
10.615212
10.615212
10.615212
10.615212
10.615212
10.615212
10.615212
10.615212
10.615212
10.615212
10.615212
10.615212
10.615212
10.615212
10.615212
10.615212
10.615212
10.615212
10.615212
10.615212
10.615212
10.615212
10.615212
10.615212
10.615212
10.615212
10.615212
10.615212
10.615212
10.615212
10.615212
10.615212
10.615212
10.615212
10.615212
10.615212
10.615212
10.615212
10.615212
10.615212
10.615212
10.615212
10.615212
10.615212
10.615212
10.615212
10.615212
10.615212
10.615212
10.615212
10.615212
10.615212
10.615212
10.615212
10.615212
10.615212
10.615212
10.615212
10.615212
10.615212
10.615212
10.615212
10.615212
10.615212
10.615212
10.615212
10.615212
10.615212
10.615212
10.615212
10.615212
10.615212
10.615212
10.615212
10.615212
10.615212
10.615212
10.615212
10.615212
10.615212
10.615212
10.622237
10.629262
10.636288
10.643313
10.650338
10.657364
10.664389
10.671414
10.678439
10.685465
10.692490
10.699515
10.706540
10.713566
10.720591
10.727616
10.734641
10.741667
10.748692
10.755717
10.762743
10.769768
10.776793
10.783818
10.790844
10.797869
10.804894
10.811919
10.818945
10.825970
10.832995
10.840020
10.847046
10.854071
10.861096
10.868122
10.875147
10.882172
10.889197
10.896223
10.903248
10.910273
10.917298
10.924324
10.931349
10.938374
10.945399
10.952425
10.959450
10.966475
10.973500
10.980526
10.987551
10.994576
11.001602
11.008627
11.015652
11.022677
11.029703
11.036728
11.043753
11.050778
11.057804
11.064829
11.071854
11.078879
11.085905
11.092930
11.099955
11.106981
11.114006
11.121031
11.128056
11.135082
11.142107
11.149132
11.156157
11.163183
11.170208
11.177233
11.184258
11.191284
11.198309
11.205334
11.212360
11.219385
11.226410
11.233435
11.240461
11.247486
11.254511
11.261536
11.268562
11.275587
11.282612
11.289637
11.296663
11.303688
11.310713
11.317739
11.324764
11.331789
11.338814
11.345840
11.352865
11.359890
11.366915
11.373941
11.380966
11.387991
11.395016
11.402042
11.409067
11.416092
11.423118
11.430143
11.437168
11.444193
11.451219
11.458244
11.465269
11.472294
11.479320
11.486345
11.493370
11.500395
11.507421
11.514446
11.521471
11.528496
11.535522
11.542547
11.549572
11.556598
11.563623
11.570648
11.577673
11.584699
11.591724
11.598749
11.605774
11.612800
11.619825
11.626850
11.633875
11.640901
11.647926
11.654951
11.661977
11.669002
11.676027
11.683052
11.690078
11.697103
11.704128
11.711153
11.718179
11.725204
11.732229
11.739254
11.746280
11.753305
11.760330
11.767356
11.774381
11.781406
11.788431
11.795457
11.802482
11.809507
11.816532
11.823558
11.830583
11.837608
11.844633
11.851659
11.858684
11.865709
11.872735
11.879760
11.886785
11.893810
11.900836
11.907861
11.914886
11.921911
11.928937
11.935962
11.942987
11.950012
11.957038
11.964063
11.971088
11.978113
11.985139
11.992164
11.999189
12.006215
12.013240
12.020265
12.027290
12.034316
12.041341
12.048366
12.055391
12.062417
12.069442
12.076467
12.083492
12.090518
12.097543
12.104568
12.111594
12.118619
12.125644
12.132669
12.139695
12.146720
12.153745
12.160770
12.167796
12.174821
12.181846
12.188871
12.195897
12.202922
12.209947
12.216973
12.223998
12.231023
12.238048
12.245074
12.252099
12.259124
12.266149
12.273175
12.280200
12.287225
12.294250
12.301276
12.308301
12.315326
12.322352
12.329377
12.336402
12.343427
12.350453
12.357478
12.364503
12.371528
12.378554
12.385579
12.392604
12.399629
12.406655
12.413680
12.420705
12.427731
12.434756
12.441781
12.448806
12.455832
12.462857
12.469882
12.476907
12.483933
12.490958
12.497983
12.505008
12.512034
12.519059
12.526084
12.533109
12.540135
12.547160
12.554185
12.561211
12.568236
12.575261
12.582286
12.589312
12.596337
12.603362
12.610387
12.617213
12.617213
12.617213
12.617213
12.617213
12.617213
12.617213
12.617213
12.617213
12.617213
12.617213
12.617213
12.617213
12.617213
12.617213
12.617213
12.617213
12.617213
12.617213
12.617213
12.617213
12.617213
12.617213
12.617213
12.617213
12.617213
12.617213
12.617213
12.617213
12.617213
12.617213
12.617213
12.617213
12.617213
12.617213
12.617213
12.617213
12.617213
12.617213
12.617213
12.617213
12.617213
12.617213
12.617213
12.617213
12.617213
12.617213
12.617213
12.617213
12.617213
12.617213
12.617213
12.617213
12.617213
12.617213
12.617213
12.617213
12.617213
12.617213
12.617213
12.617213
12.617213
12.617213
12.617213
12.617213
12.617213
12.617213
12.617213
12.617213
12.617213
12.617213
12.617213
12.617213
12.617213
12.617213
12.617213
12.617213
12.617213
12.617213
12.617213
12.617213
12.617213
12.617213
12.617213
12.617213
12.617213
12.617213
12.617213
12.617213
12.617213
12.617213
12.617213
12.617213
12.617213
12.617213
12.617213
12.617213
12.617213
12.617213
12.617213
12.617213
12.617213
12.617213
12.617213
12.617213
12.617213
12.617213
12.617213
12.617213
12.617213
12.617213
12.617213
12.617213
12.617213
12.617213
12.617213
12.617213
12.617213
12.617213
12.617213
12.617213
12.617213
12.617213
12.617213
12.617213
12.617213
12.617213
12.617213
12.617213
12.617213
12.617213
12.617213
12.617213
12.617213
12.617213
12.617213
12.617213
12.617213
12.617213
12.617213
12.617213
12.617213
12.617213
12.617213
12.617213
12.617213
12.617213
12.617213
12.617213
12.617213
12.617213
12.617213
12.617213
12.617213
12.617213
12.617213
12.617213
12.617213
12.617213
12.617213
12.617213
12.617213
12.617213
12.617213
12.617213
12.617213
12.617213
12.617213
12.617213
12.617213
12.617213
12.617213
12.617213
12.617213
12.617213
12.617213
12.617213
12.617213
12.617213
12.617213
12.617213
12.617213
12.617213
12.617213
12.617213
12.617213
12.617213
12.617213
12.617213
12.617213
12.617213
12.617213
12.617213
12.617213
12.617213
12.617213
12.617213
12.617213
12.617213
12.617213
12.617213
12.617213
12.617213
12.617213
12.617213
12.617213
12.617213
12.617213
12.617213
12.617213
12.617213
12.617213
12.617213
12.617213
12.617213
12.617213
12.617213
12.617213
12.617213
12.617213
12.617213
12.617213
12.617213
12.617213
12.617213
12.617213
12.617213
12.617213
12.617213
12.617213
12.617213
12.617213
12.617213
12.617213
12.617213
12.617213
12.617213
12.617213
12.617213
12.617213
12.617213
12.617213
12.617213
12.617213
12.617213
12.617213
12.617213
12.617213
12.617213
12.617213
12.617213
12.617213
12.617213
12.617213
12.617213
12.617213
12.617213
12.617213
12.617213
12.617213
12.617213
12.617213
12.617213
12.617213
12.617213
12.617213
12.617213
12.617213
12.617213
12.617213
12.617213
12.617213
12.617213
12.617213
12.617213
12.617213
12.617213
12.617213
12.617213
12.617213
12.617213
12.617213
12.617213
12.617213
12.617213
12.617213
12.624288
12.631363
12.638438
12.645513
12.652587
12.659662
12.666737
12.673812
12.680887
12.687962
12.695037
12.702112
12.709187
12.716261
12.723336
12.730411
12.737486
12.744561
12.751636
12.758711
12.765786
12.772860
12.779935
12.787010
12.794085
12.801160
12.808235
12.815310
12.822385
12.829459
12.836534
12.843609
12.850684
12.857759
12.864834
12.871909
12.878984
12.886058
12.893133
12.900208
12.907283
12.914358
12.921433
12.928508
12.935583
12.942658
12.949732
12.956807
12.963882
12.970957
12.978032
12.985107
12.992182
12.999257
13.006331
13.013406
13.020481
13.027556
13.034631
13.041706
13.048781
13.055856
13.062930
13.070005
13.077080
13.084155
13.091230
13.098305
13.105380
13.112455
13.119529
13.126604
13.133679
13.140754
13.147829
13.154904
13.161979
13.169054
13.176128
13.183203
13.190278
13.197353
13.204428
13.211503
13.218578
13.225653
13.232728
13.239802
13.246877
13.253952
13.261027
13.268102
13.275177
13.282252
13.289327
13.296401
13.303476
13.310551
13.317626
13.324701
13.331776
13.338851
13.345926
13.353000
13.360075
13.367150
13.374225
13.381300
13.388375
13.395450
13.402525
13.409599
13.416674
13.423749
13.430824
13.437899
13.444974
13.452049
13.459124
13.466199
13.473273
13.480348
13.487423
13.494498
13.501573
13.508648
13.515723
13.522798
13.529872
13.536947
13.544022
13.551097
13.558172
13.565247
13.572322
13.579397
13.586471
13.593546
13.600621
13.607696
13.614771
13.621846
13.628921
13.635996
13.643070
13.650145
13.657220
13.664295
13.671370
13.678445
13.685520
13.692595
13.699670
13.706744
13.713819
13.720894
13.727969
13.735044
13.742119
13.749194
13.756269
13.763343
13.770418
13.777493
13.784568
13.791643
13.798718
13.805793
13.812868
13.819942
13.827017
13.834092
13.841167
13.848242
13.855317
13.862392
13.869467
13.876541
13.883616
13.890691
13.897766
13.904841
13.911916
13.918991
13.926066
13.933140
13.940215
13.947290
13.954365
13.961440
13.968515
13.975590
13.982665
13.989740
13.996814
14.003889
14.010964
14.018039
14.025114
14.032189
14.039264
14.046339
14.053413
14.060488
14.067563
14.074638
14.081713
14.088788
14.095863
14.102938
14.110012
14.117087
14.124162
14.131237
14.138312
14.145387
14.152462
14.159537
14.166611
14.173686
14.180761
14.187836
14.194911
14.201986
14.209061
14.216136
14.223211
14.230285
14.237360
14.244435
14.251510
14.258585
14.265660
14.272735
14.279810
14.286884
14.293959
14.301034
14.308109
14.315184
14.322259
14.329334
14.336409
14.343483
14.350558
14.357633
14.364708
14.371783
14.378858
14.385933
14.393008
14.400082
14.407157
14.414232
14.421307
14.428382
14.435457
14.442532
14.449607
14.456681
14.463756
14.470831
14.477906
14.484981
14.492056
14.499131
14.506206
14.513281
14.520355
14.527430
14.534505
14.541580
14.548655
14.555730
14.562805
14.569880
14.576954
14.584029
14.591104
14.598179
14.605254
14.612329
14.619404
14.623960
14.623960
14.623960
14.623960
14.623960
14.623960
14.623960
14.623960
14.623960
14.623960
14.623960
14.623960
14.623960
14.623960
14.623960
14.623960
14.623960
14.623960
14.623960
14.623960
14.623960
14.623960
14.623960
14.623960
14.623960
14.623960
14.623960
14.623960
14.623960
14.623960
14.623960
14.623960
14.623960
14.623960
14.623960
14.623960
14.623960
14.623960
14.623960
14.623960
14.623960
14.623960
14.623960
14.623960
14.623960
14.623960
14.623960
14.623960
14.623960
14.623960
14.623960
14.623960
14.623960
14.623960
14.623960
14.623960
14.623960
14.623960
14.623960
14.623960
14.623960
14.623960
14.623960
14.623960
14.623960
14.623960
14.623960
14.623960
14.623960
14.623960
14.623960
14.623960
14.623960
14.623960
14.623960
14.623960
14.623960
14.623960
14.623960
14.623960
14.623960
14.623960
14.623960
14.623960
14.623960
14.623960
14.623960
14.623960
14.623960
14.623960
14.623960
14.623960
14.623960
14.623960
14.623960
14.623960
14.623960
14.623960
14.623960
14.623960
14.623960
14.623960
14.623960
14.623960
14.623960
14.623960
14.623960
14.623960
14.623960
14.623960
14.623960
14.623960
14.623960
14.623960
14.623960
14.623960
14.623960
14.623960
14.623960
14.623960
14.623960
14.623960
14.623960
14.623960
14.623960
14.623960
14.623960
14.623960
14.623960
14.623960
14.623960
14.623960
14.623960
14.623960
14.623960
14.623960
14.623960
14.623960
14.623960
14.623960
14.623960
14.623960
14.623960
14.623960
14.623960
14.623960
14.623960
14.623960
14.623960
14.623960
14.623960
14.623960
14.623960
14.623960
14.623960
14.623960
14.623960
14.623960
14.623960
14.623960
14.623960
14.623960
14.623960
14.623960
14.623960
14.623960
14.623960
14.623960
14.623960
14.623960
14.623960
14.623960
14.623960
14.623960
14.623960
14.623960
14.623960
14.623960
14.623960
14.623960
14.623960
14.623960
14.623960
14.623960
14.623960
14.623960
14.623960
14.623960
14.623960
14.623960
14.623960
14.623960
14.623960
14.623960
14.623960
14.623960
14.623960
14.623960
14.623960
14.623960
14.623960
14.623960
14.623960
14.623960
14.623960
14.623960
14.623960
14.623960
14.623960
14.623960
14.623960
14.623960
14.623960
14.623960
14.623960
14.623960
14.623960
14.623960
14.623960
14.623960
14.623960
14.623960
14.623960
14.623960
14.623960
14.623960
14.623960
14.623960
14.623960
14.623960
14.623960
14.623960
14.623960
14.623960
14.623960
14.623960
14.623960
14.623960
14.623960
14.623960
14.623960
14.623960
14.623960
14.623960
14.623960
14.623960
14.623960
14.623960
14.623960
14.623960
14.623960
14.623960
14.623960
14.623960
14.623960
14.623960
14.623960
14.623960
14.623960
14.623960
14.623960
14.623960
14.623960
14.623960
14.623960
14.623960
14.623960
14.623960
14.623960
14.623960
14.623960
14.623960
14.623960
14.623960
14.623960
14.623960
14.623960
14.623960
14.623960
14.623960
14.623960
14.623960
14.623960
14.623960
14.623960
14.631045
14.638131
14.645216
14.652302
14.659387
14.666472
14.673558
14.680643
14.687729
14.694814
14.701900
14.708985
14.716071
14.723156
14.730241
14.737327
14.744412
14.751498
14.758583
14.765669
14.772754
14.779839
14.786925
14.794010
14.801096
14.808181
14.815267
14.822352
14.829437
14.836523
14.843608
14.850694
14.857779
14.864865
14.871950
14.879035
14.886121
14.893206
14.900292
14.907377
14.914463
14.921548
14.928633
14.935719
14.942804
14.949890
14.956975
14.964061
14.971146
14.978231
14.985317
14.992402
14.999488
15.006573
15.013659
15.020744
15.027830
15.034915
15.042000
15.049086
15.056171
15.063257
15.070342
15.077428
15.084513
15.091598
15.098684
15.105769
15.112855
15.119940
15.127026
15.134111
15.141196
15.148282
15.155367
15.162453
15.169538
15.176624
15.183709
15.190794
15.197880
15.204965
15.212051
15.219136
15.226222
15.233307
15.240392
15.247478
15.254563
15.261649
15.268734
15.275820
15.282905
15.289991
15.297076
15.304161
15.311247
15.318332
15.325418
15.332503
15.339589
15.346674
15.353759
15.360845
15.367930
15.375016
15.382101
15.389187
15.396272
15.403357
15.410443
15.417528
15.424614
15.431699
15.438785
15.445870
15.452955
15.460041
15.467126
15.474212
15.481297
15.488383
15.495468
15.502553
15.509639
15.516724
15.523810
15.530895
15.537981
15.545066
15.552152
15.559237
15.566322
15.573408
15.580493
15.587579
15.594664
15.601750
15.608835
15.615920
15.623006
15.630091
15.637177
15.644262
15.651348
15.658433
15.665518
15.672604
15.679689
15.686775
15.693860
15.700946
15.708031
15.715116
15.722202
15.729287
15.736373
15.743458
15.750544
15.757629
15.764714
15.771800
15.778885
15.785971
15.793056
15.800142
15.807227
15.814313
15.821398
15.828483
15.835569
15.842654
15.849740
15.856825
15.863911
15.870996
15.878081
15.885167
15.892252
15.899338
15.906423
15.913509
15.920594
15.927679
15.934765
15.941850
15.948936
15.956021
15.963107
15.970192
15.977277
15.984363
15.991448
15.998534
16.005619
16.012705
16.019790
16.026875
16.033961
16.041046
16.048132
16.055217
16.062303
16.069388
16.076474
16.083559
16.090644
16.097730
16.104815
16.111901
16.118986
16.126072
16.133157
16.140242
16.147328
16.154413
16.161499
16.168584
16.175670
16.182755
16.189840
16.196926
16.204011
16.211097
16.218182
16.225268
16.232353
16.239438
16.246524
16.253609
16.260695
16.267780
16.274866
16.281951
16.289036
16.296122
16.303207
16.310293
16.317378
16.324464
16.331549
16.338635
16.345720
16.352805
16.359891
16.366976
16.374062
16.381147
16.388233
16.395318
16.402403
16.409489
16.416574
16.423660
16.430745
16.437831
16.444916
16.452001
16.459087
16.466172
16.473258
16.480343
16.487429
16.494514
16.501599
16.508685
16.515770
16.522856
16.529941
16.537027
16.544112
16.551197
16.558283
16.565368
16.572454
16.579539
16.586625
16.593710
16.600795
16.607881
16.614966
16.622052
16.624835
16.624835
16.624835
16.624835
16.624835
16.624835
16.624835
16.624835
16.624835
16.624835
16.624835
16.624835
16.624835
16.624835
16.624835
16.624835
16.624835
16.624835
16.624835
16.624835
16.624835
16.624835
16.624835
16.624835
16.624835
16.624835
16.624835
16.624835
16.624835
16.624835
16.624835
16.624835
16.624835
16.624835
16.624835
16.624835
16.624835
16.624835
16.624835
16.624835
16.624835
16.624835
16.624835
16.624835
16.624835
16.624835
16.624835
16.624835
16.624835
16.624835
16.624835
16.624835
16.624835
16.624835
16.624835
16.624835
16.624835
16.624835
16.624835
16.624835
16.624835
16.624835
16.624835
16.624835
16.624835
16.624835
16.624835
16.624835
16.624835
16.624835
16.624835
16.624835
16.624835
16.624835
16.624835
16.624835
16.624835
16.624835
16.624835
16.624835
16.624835
16.624835
16.624835
16.624835
16.624835
16.624835
16.624835
16.624835
16.624835
16.624835
16.624835
16.624835
16.624835
16.624835
16.624835
16.624835
16.624835
16.624835
16.624835
16.624835
16.624835
16.624835
16.624835
16.624835
16.624835
16.624835
16.624835
16.624835
16.624835
16.624835
16.624835
16.624835
16.624835
16.624835
16.624835
16.624835
16.624835
16.624835
16.624835
16.624835
16.624835
16.624835
16.624835
16.624835
16.624835
16.624835
16.624835
16.624835
16.624835
16.624835
16.624835
16.624835
16.624835
16.624835
16.624835
16.624835
16.624835
16.624835
16.624835
16.624835
16.624835
16.624835
16.624835
16.624835
16.624835
16.624835
16.624835
16.624835
16.624835
16.624835
16.624835
16.624835
16.624835
16.624835
16.624835
16.624835
16.624835
16.624835
16.624835
16.624835
16.624835
16.624835
16.624835
16.624835
16.624835
16.624835
16.624835
16.624835
16.624835
16.624835
16.624835
16.624835
16.624835
16.624835
16.624835
16.624835
16.624835
16.624835
16.624835
16.624835
16.624835
16.624835
16.624835
16.624835
16.624835
16.624835
16.624835
16.624835
16.624835
16.624835
16.624835
16.624835
16.624835
16.624835
16.624835
16.624835
16.624835
16.624835
16.624835
16.624835
16.624835
16.624835
16.624835
16.624835
16.624835
16.624835
16.624835
16.624835
16.624835
16.624835
16.624835
16.624835
16.624835
16.624835
16.624835
16.624835
16.624835
16.624835
16.624835
16.624835
16.624835
16.624835
16.624835
16.624835
16.624835
16.624835
16.624835
16.624835
16.624835
16.624835
16.624835
16.624835
16.624835
16.624835
16.624835
16.624835
16.624835
16.624835
16.624835
16.624835
16.624835
16.624835
16.624835
16.624835
16.624835
16.624835
16.624835
16.624835
16.624835
16.624835
16.624835
16.624835
16.624835
16.624835
16.624835
16.624835
16.624835
16.624835
16.624835
16.624835
16.624835
16.624835
16.624835
16.624835
16.624835
16.624835
16.624835
16.624835
16.624835
16.624835
16.624835
16.624835
16.624835
16.624835
16.624835
16.624835
16.624835
16.624835
16.624835
16.624835
16.624835
16.624835
16.624835
16.624835
16.631912
16.638989
16.646066
16.653143
16.660220
16.667297
16.674374
16.681451
16.688528
16.695605
16.702682
16.709759
16.716836
16.723914
16.730991
16.738068
16.745145
16.752222
16.759299
16.766376
16.773453
16.780530
16.787607
16.794684
16.801761
16.808838
16.815915
16.822992
16.830069
16.837146
16.844223
16.851300
16.858377
16.865454
16.872531
16.879608
16.886685
16.893762
16.900839
16.907916
16.914993
16.922070
16.929147
16.936224
16.943301
16.950378
16.957456
16.964533
16.971610
16.978687
16.985764
16.992841
16.999918
17.006995
17.014072
17.021149
17.028226
17.035303
17.042380
17.049457
17.056534
17.063611
17.070688
17.077765
17.084842
17.091919
17.098996
17.106073
17.113150
17.120227
17.127304
17.134381
17.141458
17.148535
17.155612
17.162689
17.169766
17.176843
17.183921
17.190998
17.198075
17.205152
17.212229
17.219306
17.226383
17.233460
17.240537
17.247614
17.254691
17.261768
17.268845
17.275922
17.282999
17.290076
17.297153
17.304230
17.311307
17.318384
17.325461
17.332538
17.339615
17.346692
17.353769
17.360846
17.367923
17.375000
17.382077
17.389154
17.396231
17.403308
17.410385
17.417463
17.424540
17.431617
17.438694
17.445771
17.452848
17.459925
17.467002
17.474079
17.481156
17.488233
17.495310
17.502387
17.509464
17.516541
17.523618
17.530695
17.537772
17.544849
17.551926
17.559003
17.566080
17.573157
17.580234
17.587311
17.594388
17.601465
17.608542
17.615619
17.622696
17.629773
17.636850
17.643927
17.651005
17.658082
17.665159
17.672236
17.679313
17.686390
17.693467
17.700544
17.707621
17.714698
17.721775
17.728852
17.735929
17.743006
17.750083
17.757160
17.764237
17.771314
17.778391
17.785468
17.792545
17.799622
17.806699
17.813776
17.820853
17.827930
17.835007
17.842084
17.849161
17.856238
17.863315
17.870392
17.877470
17.884547
17.891624
17.898701
17.905778
17.912855
17.919932
17.927009
17.934086
17.941163
17.948240
17.955317
17.962394
17.969471
17.976548
17.983625
17.990702
17.997779
18.004856
18.011933
18.019010
18.026087
18.033164
18.040241
18.047318
18.054395
18.061472
18.068549
18.075626
18.082703
18.089780
18.096857
18.103934
18.111012
18.118089
18.125166
18.132243
18.139320
18.146397
18.153474
18.160551
18.167628
18.174705
18.181782
18.188859
18.195936
18.203013
18.210090
18.217167
18.224244
18.231321
18.238398
18.245475
18.252552
18.259629
18.266706
18.273783
18.280860
18.287937
18.295014
18.302091
18.309168
18.316245
18.323322
18.330399
18.337476
18.344554
18.351631
18.358708
18.365785
18.372862
18.379939
18.387016
18.394093
18.401170
18.408247
18.415324
18.422401
18.429478
18.436555
18.443632
18.450709
18.457786
18.464863
18.471940
18.479017
18.486094
18.493171
18.500248
18.507325
18.514402
18.521479
18.528556
18.535633
18.542710
18.549787
18.556864
18.563941
18.571019
18.578096
18.585173
18.592250
18.599327
18.606404
18.613481
18.620558
18.622349
18.622349
18.622349
18.622349
18.622349
18.622349
18.622349
18.622349
18.622349
18.622349
18.622349
18.622349
18.622349
18.622349
18.622349
18.622349
18.622349
18.622349
18.622349
18.622349
18.622349
18.622349
18.622349
18.622349
18.622349
18.622349
18.622349
18.622349
18.622349
18.622349
18.622349
18.622349
18.622349
18.622349
18.622349
18.622349
18.622349
18.622349
18.622349
18.622349
18.622349
18.622349
18.622349
18.622349
18.622349
18.622349
18.622349
18.622349
18.622349
18.622349
18.622349
18.622349
18.622349
18.622349
18.622349
18.622349
18.622349
18.622349
18.622349
18.622349
18.622349
18.622349
18.622349
18.622349
18.622349
18.622349
18.622349
18.622349
18.622349
18.622349
18.622349
18.622349
18.622349
18.622349
18.622349
18.622349
18.622349
18.622349
18.622349
18.622349
18.622349
18.622349
18.622349
18.622349
18.622349
18.622349
18.622349
18.622349
18.622349
18.622349
18.622349
18.622349
18.622349
18.622349
18.622349
18.622349
18.622349
18.622349
18.622349
18.622349
18.622349
18.622349
18.622349
18.622349
18.622349
18.622349
18.622349
18.622349
18.622349
18.622349
18.622349
18.622349
18.622349
18.622349
18.622349
18.622349
18.622349
18.622349
18.622349
18.622349
18.622349
18.622349
18.622349
18.622349
18.622349
18.622349
18.622349
18.622349
18.622349
18.622349
18.622349
18.622349
18.622349
18.622349
18.622349
18.622349
18.622349
18.622349
18.622349
18.622349
18.622349
18.622349
18.622349
18.622349
18.622349
18.622349
18.622349
18.622349
18.622349
18.622349
18.622349
18.622349
18.622349
18.622349
18.622349
18.622349
18.622349
18.622349
18.622349
18.622349
18.622349
18.622349
18.622349
18.622349
18.622349
18.622349
18.622349
18.622349
18.622349
18.622349
18.622349
18.622349
18.622349
18.622349
18.622349
18.622349
18.622349
18.622349
18.622349
18.622349
18.622349
18.622349
18.622349
18.622349
18.622349
18.622349
18.622349
18.622349
18.622349
18.622349
18.622349
18.622349
18.622349
18.622349
18.622349
18.622349
18.622349
18.622349
18.622349
18.622349
18.622349
18.622349
18.622349
18.622349
18.622349
18.622349
18.622349
18.622349
18.622349
18.622349
18.622349
18.622349
18.622349
18.622349
18.622349
18.622349
18.622349
18.622349
18.622349
18.622349
18.622349
18.622349
18.622349
18.622349
18.622349
18.622349
18.622349
18.622349
18.622349
18.622349
18.622349
18.622349
18.622349
18.622349
18.622349
18.622349
18.622349
18.622349
18.622349
18.622349
18.622349
18.622349
18.622349
18.622349
18.622349
18.622349
18.622349
18.622349
18.622349
18.622349
18.622349
18.622349
18.622349
18.622349
18.622349
18.622349
18.622349
18.622349
18.622349
18.622349
18.622349
18.622349
18.622349
18.622349
18.622349
18.622349
18.622349
18.622349
18.622349
18.622349
18.622349
18.622349
18.622349
18.622349
18.622349
18.622349
18.622349
18.622349
18.622349
18.622349
18.622349
18.622349
18.622349
18.629461
18.636573
18.643685
18.650797
18.657909
18.665022
18.672134
18.679246
18.686358
18.693470
18.700582
18.707694
18.714807
18.721919
18.729031
18.736143
18.743255
18.750367
18.757479
18.764591
18.771704
18.778816
18.785928
18.793040
18.800152
18.807264
18.814376
18.821489
18.828601
18.835713
18.842825
18.849937
18.857049
18.864161
18.871273
18.878386
18.885498
18.892610
18.899722
18.906834
18.913946
18.921058
18.928170
18.935283
18.942395
18.949507
18.956619
18.963731
18.970843
18.977955
18.985068
18.992180
18.999292
19.006404
19.013516
19.020628
19.027740
19.034852
19.041965
19.049077
19.056189
19.063301
19.070413
19.077525
19.084637
19.091750
19.098862
19.105974
19.113086
19.120198
19.127310
19.134422
19.141534
19.148647
19.155759
19.162871
19.169983
19.177095
19.184207
19.191319
19.198432
19.205544
19.212656
19.219768
19.226880
19.233992
19.241104
19.248216
19.255329
19.262441
19.269553
19.276665
19.283777
19.290889
19.298001
19.305114
19.312226
19.319338
19.326450
19.333562
19.340674
19.347786
19.354898
19.362011
19.369123
19.376235
19.383347
19.390459
19.397571
19.404683
19.411796
19.418908
19.426020
19.433132
19.440244
19.447356
19.454468
19.461580
19.468693
19.475805
19.482917
19.490029
19.497141
19.504253
19.511365
19.518477
19.525590
19.532702
19.539814
19.546926
19.554038
19.561150
19.568262
19.575375
19.582487
19.589599
19.596711
19.603823
19.610935
19.618047
19.625159
19.632272
19.639384
19.646496
19.653608
19.660720
19.667832
19.674944
19.682057
19.689169
19.696281
19.703393
19.710505
19.717617
19.724729
19.731841
19.738954
19.746066
19.753178
19.760290
19.767402
19.774514
19.781626
19.788739
19.795851
19.802963
19.810075
19.817187
19.824299
19.831411
19.838523
19.845636
19.852748
19.859860
19.866972
19.874084
19.881196
19.888308
19.895421
19.902533
19.909645
19.916757
19.923869
19.930981
19.938093
19.945205
19.952318
19.959430
19.966542
19.973654
19.980766
19.987878
19.994990
20.002103
20.009215
20.016327
20.023439
20.030551
20.037663
20.044775
20.051887
20.059000
20.066112
20.073224
20.080336
20.087448
20.094560
20.101672
20.108784
20.115897
20.123009
20.130121
20.137233
20.144345
20.151457
20.158569
20.165682
20.172794
20.179906
20.187018
20.194130
20.201242
20.208354
20.215466
20.222579
20.229691
20.236803
20.243915
20.251027
20.258139
20.265251
20.272364
20.279476
20.286588
20.293700
20.300812
20.307924
20.315036
20.322148
20.329261
20.336373
20.343485
20.350597
20.357709
20.364821
20.371933
20.379046
20.386158
20.393270
20.400382
20.407494
20.414606
20.421718
20.428830
20.435943
20.443055
20.450167
20.457279
20.464391
20.471503
20.478615
20.485728
20.492840
20.499952
20.507064
20.514176
20.521288
20.528400
20.535512
20.542625
20.549737
20.556849
20.563961
20.571073
20.578185
20.585297
20.592409
20.599522
20.606634
20.613746
20.620858
20.622210
20.622210
20.622210
20.622210
20.622210
20.622210
20.622210
20.622210
20.622210
20.622210
20.622210
20.622210
20.622210
20.622210
20.622210
20.622210
20.622210
20.622210
20.622210
20.622210
20.622210
20.622210
20.622210
20.622210
20.622210
20.622210
20.622210
20.622210
20.622210
20.622210
20.622210
20.622210
20.622210
20.622210
20.622210
20.622210
20.622210
20.622210
20.622210
20.622210
20.622210
20.622210
20.622210
20.622210
20.622210
20.622210
20.622210
20.622210
20.622210
20.622210
20.622210
20.622210
20.622210
20.622210
20.622210
20.622210
20.622210
20.622210
20.622210
20.622210
20.622210
20.622210
20.622210
20.622210
20.622210
20.622210
20.622210
20.622210
20.622210
20.622210
20.622210
20.622210
20.622210
20.622210
20.622210
20.622210
20.622210
20.622210
20.622210
20.622210
20.622210
20.622210
20.622210
20.622210
20.622210
20.622210
20.622210
20.622210
20.622210
20.622210
20.622210
20.622210
20.622210
20.622210
20.622210
20.622210
20.622210
20.622210
20.622210
20.622210
20.622210
20.622210
20.622210
20.622210
20.622210
20.622210
20.622210
20.622210
20.622210
20.622210
20.622210
20.622210
20.622210
20.622210
20.622210
20.622210
20.622210
20.622210
20.622210
20.622210
20.622210
20.622210
20.622210
20.622210
20.622210
20.622210
20.622210
20.622210
20.622210
20.622210
20.622210
20.622210
20.622210
20.622210
20.622210
20.622210
20.622210
20.622210
20.622210
20.622210
20.622210
20.622210
20.622210
20.622210
20.622210
20.622210
20.622210
20.622210
20.622210
20.622210
20.622210
20.622210
20.622210
20.622210
20.622210
20.622210
20.622210
20.622210
20.622210
20.622210
20.622210
20.622210
20.622210
20.622210
20.622210
20.622210
20.622210
20.622210
20.622210
20.622210
20.622210
20.622210
20.622210
20.622210
20.622210
20.622210
20.622210
20.622210
20.622210
20.622210
20.622210
20.622210
20.622210
20.622210
20.622210
20.622210
20.622210
20.622210
20.622210
20.622210
20.622210
20.622210
20.622210
20.622210
20.622210
20.622210
20.622210
20.622210
20.622210
20.622210
20.622210
20.622210
20.622210
20.622210
20.622210
20.622210
20.622210
20.622210
20.622210
20.622210
20.622210
20.622210
20.622210
20.622210
20.622210
20.622210
20.622210
20.622210
20.622210
20.622210
20.622210
20.622210
20.622210
20.622210
20.622210
20.622210
20.622210
20.622210
20.622210
20.622210
20.622210
20.622210
20.622210
20.622210
20.622210
20.622210
20.622210
20.622210
20.622210
20.622210
20.622210
20.622210
20.622210
20.622210
20.622210
20.622210
20.622210
20.622210
20.622210
20.622210
20.622210
20.622210
20.622210
20.622210
20.622210
20.622210
20.622210
20.622210
20.622210
20.622210
20.622210
20.622210
20.622210
20.622210
20.622210
20.622210
20.622210
20.622210
20.622210
20.622210
20.622210
20.622210
20.622210
20.622210
20.622210
20.622210
20.622210
20.622210
20.622210
20.622210
20.622210
20.622210
20.622210
20.622210
20.629318
20.636426
20.643535
20.650643
20.657751
20.664859
20.671967
20.679075
20.686183
20.693291
20.700399
20.707508
20.714616
20.721724
20.728832
20.735940
20.743048
20.750156
20.757264
20.764372
20.771481
20.778589
20.785697
20.792805
20.799913
20.807021
20.814129
20.821237
20.828345
20.835454
20.842562
20.849670
20.856778
20.863886
20.870994
20.878102
20.885210
20.892318
20.899427
20.906535
20.913643
20.920751
20.927859
20.934967
20.942075
20.949183
20.956291
20.963400
20.970508
20.977616
20.984724
20.991832
20.998940
21.006048
21.013156
21.020265
21.027373
21.034481
21.041589
21.048697
21.055805
21.062913
21.070021
21.077129
21.084238
21.091346
21.098454
21.105562
21.112670
21.119778
21.126886
21.133994
21.141102
21.148211
21.155319
21.162427
21.169535
21.176643
21.183751
21.190859
21.197967
21.205075
21.212184
21.219292
21.226400
21.233508
21.240616
21.247724
21.254832
21.261940
21.269048
21.276157
21.283265
21.290373
21.297481
21.304589
21.311697
21.318805
21.325913
21.333021
21.340130
21.347238
21.354346
21.361454
21.368562
21.375670
21.382778
21.389886
21.396994
21.404103
21.411211
21.418319
21.425427
21.432535
21.439643
21.446751
21.453859
21.460967
21.468076
21.475184
21.482292
21.489400
21.496508
21.503616
21.510724
21.517832
21.524941
21.532049
21.539157
21.546265
21.553373
21.560481
21.567589
21.574697
21.581805
21.588914
21.596022
21.603130
21.610238
21.617346
21.624454
21.631562
21.638670
21.645778
21.652887
21.659995
21.667103
21.674211
21.681319
21.688427
21.695535
21.702643
21.709751
21.716860
21.723968
21.731076
21.738184
21.745292
21.752400
21.759508
21.766616
21.773724
21.780833
21.787941
21.795049
21.802157
21.809265
21.816373
21.823481
21.830589
21.837697
21.844806
21.851914
21.859022
21.866130
21.873238
21.880346
21.887454
21.894562
21.901670
21.908779
21.915887
21.922995
21.930103
21.937211
21.944319
21.951427
21.958535
21.965643
21.972752
21.979860
21.986968
21.994076
22.001184
22.008292
22.015400
22.022508
22.029617
22.036725
22.043833
22.050941
22.058049
22.065157
22.072265
22.079373
22.086481
22.093590
22.100698
22.107806
22.114914
22.122022
22.129130
22.136238
22.143346
22.150454
22.157563
22.164671
22.171779
22.178887
22.185995
22.193103
22.200211
22.207319
22.214427
22.221536
22.228644
22.235752
22.242860
22.249968
22.257076
22.264184
22.271292
22.278400
22.285509
22.292617
22.299725
22.306833
22.313941
22.321049
22.328157
22.335265
22.342373
22.349482
22.356590
22.363698
22.370806
22.377914
22.385022
22.392130
22.399238
22.406346
22.413455
22.420563
22.427671
22.434779
22.441887
22.448995
22.456103
22.463211
22.470319
22.477428
22.484536
22.491644
22.498752
22.505860
22.512968
22.520076
22.527184
22.534293
22.541401
22.548509
22.555617
22.562725
22.569833
22.576941
22.584049
22.591157
22.598266
22.605374
22.612482
22.619590
22.626698
22.627862
22.627862
22.627862
22.627862
22.627862
22.627862
22.627862
22.627862
22.627862
22.627862
22.627862
22.627862
22.627862
22.627862
22.627862
22.627862
22.627862
22.627862
22.627862
22.627862
22.627862
22.627862
22.627862
22.627862
22.627862
22.627862
22.627862
22.627862
22.627862
22.627862
22.627862
22.627862
22.627862
22.627862
22.627862
22.627862
22.627862
22.627862
22.627862
22.627862
22.627862
22.627862
22.627862
22.627862
22.627862
22.627862
22.627862
22.627862
22.627862
22.627862
22.627862
22.627862
22.627862
22.627862
22.627862
22.627862
22.627862
22.627862
22.627862
22.627862
22.627862
22.627862
22.627862
22.627862
22.627862
22.627862
22.627862
22.627862
22.627862
22.627862
22.627862
22.627862
22.627862
22.627862
22.627862
22.627862
22.627862
22.627862
22.627862
22.627862
22.627862
22.627862
22.627862
22.627862
22.627862
22.627862
22.627862
22.627862
22.627862
22.627862
22.627862
22.627862
22.627862
22.627862
22.627862
22.627862
22.627862
22.627862
22.627862
22.627862
22.627862
22.627862
22.627862
22.627862
22.627862
22.627862
22.627862
22.627862
22.627862
22.627862
22.627862
22.627862
22.627862
22.627862
22.627862
22.627862
22.627862
22.627862
22.627862
22.627862
22.627862
22.627862
22.627862
22.627862
22.627862
22.627862
22.627862
22.627862
22.627862
22.627862
22.627862
22.627862
22.627862
22.627862
22.627862
22.627862
22.627862
22.627862
22.627862
22.627862
22.627862
22.627862
22.627862
22.627862
22.627862
22.627862
22.627862
22.627862
22.627862
22.627862
22.627862
22.627862
22.627862
22.627862
22.627862
22.627862
22.627862
22.627862
22.627862
22.627862
22.627862
22.627862
22.627862
22.627862
22.627862
22.627862
22.627862
22.627862
22.627862
22.627862
22.627862
22.627862
22.627862
22.627862
22.627862
22.627862
22.627862
22.627862
22.627862
22.627862
22.627862
22.627862
22.627862
22.627862
22.627862
22.627862
22.627862
22.627862
22.627862
22.627862
22.627862
22.627862
22.627862
22.627862
22.627862
22.627862
22.627862
22.627862
22.627862
22.627862
22.627862
22.627862
22.627862
22.627862
22.627862
22.627862
22.627862
22.627862
22.627862
22.627862
22.627862
22.627862
22.627862
22.627862
22.627862
22.627862
22.627862
22.627862
22.627862
22.627862
22.627862
22.627862
22.627862
22.627862
22.627862
22.627862
22.627862
22.627862
22.627862
22.627862
22.627862
22.627862
22.627862
22.627862
22.627862
22.627862
22.627862
22.627862
22.627862
22.627862
22.627862
22.627862
22.627862
22.627862
22.627862
22.627862
22.627862
22.627862
22.627862
22.627862
22.627862
22.627862
22.627862
22.627862
22.627862
22.627862
22.627862
22.627862
22.627862
22.627862
22.627862
22.627862
22.627862
22.627862
22.627862
22.627862
22.627862
22.627862
22.627862
22.627862
22.627862
22.627862
22.627862
22.627862
22.627862
22.627862
22.627862
22.627862
22.627862
22.627862
22.627862
22.627862
22.627862
22.627862
22.634993
22.642123
22.649254
22.656384
22.663515
22.670646
22.677776
22.684907
22.692037
22.699168
22.706299
22.713429
22.720560
22.727690
22.734821
22.741952
22.749082
22.756213
22.763344
22.770474
22.777605
22.784735
22.791866
22.798997
22.806127
22.813258
22.820388
22.827519
22.834650
22.841780
22.848911
22.856041
22.863172
22.870303
22.877433
22.884564
22.891694
22.898825
22.905956
22.913086
22.920217
22.927347
22.934478
22.941609
22.948739
22.955870
22.963001
22.970131
22.977262
22.984392
22.991523
22.998654
23.005784
23.012915
23.020045
23.027176
23.034307
23.041437
23.048568
23.055698
23.062829
23.069960
23.077090
23.084221
23.091351
23.098482
23.105613
23.112743
23.119874
23.127004
23.134135
23.141266
23.148396
23.155527
23.162657
23.169788
23.176919
23.184049
23.191180
23.198311
23.205441
23.212572
23.219702
23.226833
23.233964
23.241094
23.248225
23.255355
23.262486
23.269617
23.276747
23.283878
23.291008
23.298139
23.305270
23.312400
23.319531
23.326661
23.333792
23.340923
23.348053
23.355184
23.362314
23.369445
23.376576
23.383706
23.390837
23.397968
23.405098
23.412229
23.419359
23.426490
23.433621
23.440751
23.447882
23.455012
23.462143
23.469274
23.476404
23.483535
23.490665
23.497796
23.504927
23.512057
23.519188
23.526318
23.533449
23.540580
23.547710
23.554841
23.561971
23.569102
23.576233
23.583363
23.590494
23.597624
23.604755
23.611886
23.619016
23.626147
23.633278
23.640408
23.647539
23.654669
23.661800
23.668931
23.676061
23.683192
23.690322
23.697453
23.704584
23.711714
23.718845
23.725975
23.733106
23.740237
23.747367
23.754498
23.761628
23.768759
23.775890
23.783020
23.790151
23.797281
23.804412
23.811543
23.818673
23.825804
23.832935
23.840065
23.847196
23.854326
23.861457
23.868588
23.875718
23.882849
23.889979
23.897110
23.904241
23.911371
23.918502
23.925632
23.932763
23.939894
23.947024
23.954155
23.961285
23.968416
23.975547
23.982677
23.989808
23.996938
24.004069
24.011200
24.018330
24.025461
24.032592
24.039722
24.046853
24.053983
24.061114
24.068245
24.075375
24.082506
24.089636
24.096767
24.103898
24.111028
24.118159
24.125289
24.132420
24.139551
24.146681
24.153812
24.160942
24.168073
24.175204
24.182334
24.189465
24.196595
24.203726
24.210857
24.217987
24.225118
24.232248
24.239379
24.246510
24.253640
24.260771
24.267902
24.275032
24.282163
24.289293
24.296424
24.303555
24.310685
24.317816
24.324946
24.332077
24.339208
24.346338
24.353469
24.360599
24.367730
24.374861
24.381991
24.389122
24.396252
24.403383
24.410514
24.417644
24.424775
24.431905
24.439036
24.446167
24.453297
24.460428
24.467559
24.474689
24.481820
24.488950
24.496081
24.503212
24.510342
24.517473
24.524603
24.531734
24.538865
24.545995
24.553126
24.560256
24.567387
24.574518
24.581648
24.588779
24.595909
24.603040
24.610171
24.617301
24.624432
24.631562
24.638693
24.639719
24.639719
24.639719
24.639719
24.639719
24.639719
24.639719
24.639719
24.639719
24.639719
24.639719
24.639719
24.639719
24.639719
24.639719
24.639719
24.639719
24.639719
24.639719
24.639719
24.639719
24.639719
24.639719
24.639719
24.639719
24.639719
24.639719
24.639719
24.639719
24.639719
24.639719
24.639719
24.639719
24.639719
24.639719
24.639719
24.639719
24.639719
24.639719
24.639719
24.639719
24.639719
24.639719
24.639719
24.639719
24.639719
24.639719
24.639719
24.639719
24.639719
24.639719
24.639719
24.639719
24.639719
24.639719
24.639719
24.639719
24.639719
24.639719
24.639719
24.639719
24.639719
24.639719
24.639719
24.639719
24.639719
24.639719
24.639719
24.639719
24.639719
24.639719
24.639719
24.639719
24.639719
24.639719
24.639719
24.639719
24.639719
24.639719
24.639719
24.639719
24.639719
24.639719
24.639719
24.639719
24.639719
24.639719
24.639719
24.639719
24.639719
24.639719
24.639719
24.639719
24.639719
24.639719
24.639719
24.639719
24.639719
24.639719
24.639719
24.639719
24.639719
24.639719
24.639719
24.639719
24.639719
24.639719
24.639719
24.639719
24.639719
24.639719
24.639719
24.639719
24.639719
24.639719
24.639719
24.639719
24.639719
24.639719
24.639719
24.639719
24.639719
24.639719
24.639719
24.639719
24.639719
24.639719
24.639719
24.639719
24.639719
24.639719
24.639719
24.639719
24.639719
24.639719
24.639719
24.639719
24.639719
24.639719
24.639719
24.639719
24.639719
24.639719
24.639719
24.639719
24.639719
24.639719
24.639719
24.639719
24.639719
24.639719
24.639719
24.639719
24.639719
24.639719
24.639719
24.639719
24.639719
24.639719
24.639719
24.639719
24.639719
24.639719
24.639719
24.639719
24.639719
24.639719
24.639719
24.639719
24.639719
24.639719
24.639719
24.639719
24.639719
24.639719
24.639719
24.639719
24.639719
24.639719
24.639719
24.639719
24.639719
24.639719
24.639719
24.639719
24.639719
24.639719
24.639719
24.639719
24.639719
24.639719
24.639719
24.639719
24.639719
24.639719
24.639719
24.639719
24.639719
24.639719
24.639719
24.639719
24.639719
24.639719
24.639719
24.639719
24.639719
24.639719
24.639719
24.639719
24.639719
24.639719
24.639719
24.639719
24.639719
24.639719
24.639719
24.639719
24.639719
24.639719
24.639719
24.639719
24.639719
24.639719
24.639719
24.639719
24.639719
24.639719
24.639719
24.639719
24.639719
24.639719
24.639719
24.639719
24.639719
24.639719
24.639719
24.639719
24.639719
24.639719
24.639719
24.639719
24.639719
24.639719
24.639719
24.639719
24.639719
24.639719
24.639719
24.639719
24.639719
24.639719
24.639719
24.639719
24.639719
24.639719
24.639719
24.639719
24.639719
24.639719
24.639719
24.639719
24.639719
24.639719
24.639719
24.639719
24.639719
24.639719
24.639719
24.639719
24.639719
24.639719
24.639719
24.639719
24.639719
24.639719
24.639719
24.639719
24.639719
24.639719
24.639719
24.639719
24.639719
24.639719
24.639719
24.646867
24.654016
24.661164
24.668312
24.675460
24.682608
24.689756
24.696904
24.704052
24.711200
24.718349
24.725497
24.732645
24.739793
24.746941
24.754089
24.761237
24.768385
24.775534
24.782682
24.789830
24.796978
24.804126
24.811274
24.818422
24.825570
24.832718
24.839867
24.847015
24.854163
24.861311
24.868459
24.875607
24.882755
24.889903
24.897052
24.904200
24.911348
24.918496
24.925644
24.932792
24.939940
24.947088
24.954236
24.961385
24.968533
24.975681
24.982829
24.989977
24.997125
25.004273
25.011421
25.018570
25.025718
25.032866
25.040014
25.047162
25.054310
25.061458
25.068606
25.075754
25.082903
25.090051
25.097199
25.104347
25.111495
25.118643
25.125791
25.132939
25.140088
25.147236
25.154384
25.161532
25.168680
25.175828
25.182976
25.190124
25.197273
25.204421
25.211569
25.218717
25.225865
25.233013
25.240161
25.247309
25.254457
25.261606
25.268754
25.275902
25.283050
25.290198
25.297346
25.304494
25.311642
25.318791
25.325939
25.333087
25.340235
25.347383
25.354531
25.361679
25.368827
25.375975
25.383124
25.390272
25.397420
25.404568
25.411716
25.418864
25.426012
25.433160
25.440309
25.447457
25.454605
25.461753
25.468901
25.476049
25.483197
25.490345
25.497493
25.504642
25.511790
25.518938
25.526086
25.533234
25.540382
25.547530
25.554678
25.561827
25.568975
25.576123
25.583271
25.590419
25.597567
25.604715
25.611863
25.619011
25.626160
25.633308
25.640456
25.647604
25.654752
25.661900
25.669048
25.676196
25.683345
25.690493
25.697641
25.704789
25.711937
25.719085
25.726233
25.733381
25.740529
25.747678
25.754826
25.761974
25.769122
25.776270
25.783418
25.790566
25.797714
25.804863
25.812011
25.819159
25.826307
25.833455
25.840603
25.847751
25.854899
25.862048
25.869196
25.876344
25.883492
25.890640
25.897788
25.904936
25.912084
25.919232
25.926381
25.933529
25.940677
25.947825
25.954973
25.962121
25.969269
25.976417
25.983566
25.990714
25.997862
26.005010
26.012158
26.019306
26.026454
26.033602
26.040750
26.047899
26.055047
26.062195
26.069343
26.076491
26.083639
26.090787
26.097935
26.105084
26.112232
26.119380
26.126528
26.133676
26.140824
26.147972
26.155120
26.162268
26.169417
26.176565
26.183713
26.190861
26.198009
26.205157
26.212305
26.219453
26.226602
26.233750
26.240898
26.248046
26.255194
26.262342
26.269490
26.276638
26.283786
26.290935
26.298083
26.305231
26.312379
26.319527
26.326675
26.333823
26.340971
26.348120
26.355268
26.362416
26.369564
26.376712
26.383860
26.391008
26.398156
26.405304
26.412453
26.419601
26.426749
26.433897
26.441045
26.448193
26.455341
26.462489
26.469638
26.476786
26.483934
26.491082
26.498230
26.505378
26.512526
26.519674
26.526823
26.533971
26.541119
26.548267
26.555415
26.562563
26.569711
26.576859
26.584007
26.591156
26.598304
26.605452
26.612600
26.619748
26.626896
26.634044
26.641192
26.648341
26.655489
26.656351
26.656351
26.656351
26.656351
26.656351
26.656351
26.656351
26.656351
26.656351
26.656351
26.656351
26.656351
26.656351
26.656351
26.656351
26.656351
26.656351
26.656351
26.656351
26.656351
26.656351
26.656351
26.656351
26.656351
26.656351
26.656351
26.656351
26.656351
26.656351
26.656351
26.656351
26.656351
26.656351
26.656351
26.656351
26.656351
26.656351
26.656351
26.656351
26.656351
26.656351
26.656351
26.656351
26.656351
26.656351
26.656351
26.656351
26.656351
26.656351
26.656351
26.656351
26.656351
26.656351
26.656351
26.656351
26.656351
26.656351
26.656351
26.656351
26.656351
26.656351
26.656351
26.656351
26.656351
26.656351
26.656351
26.656351
26.656351
26.656351
26.656351
26.656351
26.656351
26.656351
26.656351
26.656351
26.656351
26.656351
26.656351
26.656351
26.656351
26.656351
26.656351
26.656351
26.656351
26.656351
26.656351
26.656351
26.656351
26.656351
26.656351
26.656351
26.656351
26.656351
26.656351
26.656351
26.656351
26.656351
26.656351
26.656351
26.656351
26.656351
26.656351
26.656351
26.656351
26.656351
26.656351
26.656351
26.656351
26.656351
26.656351
26.656351
26.656351
26.656351
26.656351
26.656351
26.656351
26.656351
26.656351
26.656351
26.656351
26.656351
26.656351
26.656351
26.656351
26.656351
26.656351
26.656351
26.656351
26.656351
26.656351
26.656351
26.656351
26.656351
26.656351
26.656351
26.656351
26.656351
26.656351
26.656351
26.656351
26.656351
26.656351
26.656351
26.656351
26.656351
26.656351
26.656351
26.656351
26.656351
26.656351
26.656351
26.656351
26.656351
26.656351
26.656351
26.656351
26.656351
26.656351
26.656351
26.656351
26.656351
26.656351
26.656351
26.656351
26.656351
26.656351
26.656351
26.656351
26.656351
26.656351
26.656351
26.656351
26.656351
26.656351
26.656351
26.656351
26.656351
26.656351
26.656351
26.656351
26.656351
26.656351
26.656351
26.656351
26.656351
26.656351
26.656351
26.656351
26.656351
26.656351
26.656351
26.656351
26.656351
26.656351
26.656351
26.656351
26.656351
26.656351
26.656351
26.656351
26.656351
26.656351
26.656351
26.656351
26.656351
26.656351
26.656351
26.656351
26.656351
26.656351
26.656351
26.656351
26.656351
26.656351
26.656351
26.656351
26.656351
26.656351
26.656351
26.656351
26.656351
26.656351
26.656351
26.656351
26.656351
26.656351
26.656351
26.656351
26.656351
26.656351
26.656351
26.656351
26.656351
26.656351
26.656351
26.656351
26.656351
26.656351
26.656351
26.656351
26.656351
26.656351
26.656351
26.656351
26.656351
26.656351
26.656351
26.656351
26.656351
26.656351
26.656351
26.656351
26.656351
26.656351
26.656351
26.656351
26.656351
26.656351
26.656351
26.656351
26.656351
26.656351
26.656351
26.656351
26.656351
26.656351
26.656351
26.656351
26.656351
26.656351
26.656351
26.656351
26.656351
26.656351
26.656351
26.656351
26.656351
26.656351
26.656351
26.656351
26.656351
26.656351
26.656351
26.656351
26.656351
26.663510
26.670669
26.677828
26.684987
26.692146
26.699305
26.706464
26.713622
26.720781
26.727940
26.735099
26.742258
26.749417
26.756576
26.763735
26.770894
26.778053
26.785211
26.792370
26.799529
26.806688
26.813847
26.821006
26.828165
26.835324
26.842483
26.849641
26.856800
26.863959
26.871118
26.878277
26.885436
26.892595
26.899754
26.906913
26.914072
26.921230
26.928389
26.935548
26.942707
26.949866
26.957025
26.964184
26.971343
26.978502
26.985661
26.992819
26.999978
27.007137
27.014296
27.021455
27.028614
27.035773
27.042932
27.050091
27.057249
27.064408
27.071567
27.078726
27.085885
27.093044
27.100203
27.107362
27.114521
27.121680
27.128838
27.135997
27.143156
27.150315
27.157474
27.164633
27.171792
27.178951
27.186110
27.193269
27.200427
27.207586
27.214745
27.221904
27.229063
27.236222
27.243381
27.250540
27.257699
27.264857
27.272016
27.279175
27.286334
27.293493
27.300652
27.307811
27.314970
27.322129
27.329288
27.336446
27.343605
27.350764
27.357923
27.365082
27.372241
27.379400
27.386559
27.393718
27.400877
27.408035
27.415194
27.422353
27.429512
27.436671
27.443830
27.450989
27.458148
27.465307
27.472465
27.479624
27.486783
27.493942
27.501101
27.508260
27.515419
27.522578
27.529737
27.536896
27.544054
27.551213
27.558372
27.565531
27.572690
27.579849
27.587008
27.594167
27.601326
27.608484
27.615643
27.622802
27.629961
27.637120
27.644279
27.651438
27.658597
27.665756
27.672915
27.680073
27.687232
27.694391
27.701550
27.708709
27.715868
27.723027
27.730186
27.737345
27.744504
27.751662
27.758821
27.765980
27.773139
27.780298
27.787457
27.794616
27.801775
27.808934
27.816092
27.823251
27.830410
27.837569
27.844728
27.851887
27.859046
27.866205
27.873364
27.880523
27.887681
27.894840
27.901999
27.909158
27.916317
27.923476
27.930635
27.937794
27.944953
27.952112
27.959270
27.966429
27.973588
27.980747
27.987906
27.995065
28.002224
28.009383
28.016542
28.023700
28.030859
28.038018
28.045177
28.052336
28.059495
28.066654
28.073813
28.080972
28.088131
28.095289
28.102448
28.109607
28.116766
28.123925
28.131084
28.138243
28.145402
28.152561
28.159720
28.166878
28.174037
28.181196
28.188355
28.195514
28.202673
28.209832
28.216991
28.224150
28.231308
28.238467
28.245626
28.252785
28.259944
28.267103
28.274262
28.281421
28.288580
28.295739
28.302897
28.310056
28.317215
28.324374
28.331533
28.338692
28.345851
28.353010
28.360169
28.367328
28.374486
28.381645
28.388804
28.395963
28.403122
28.410281
28.417440
28.424599
28.431758
28.438916
28.446075
28.453234
28.460393
28.467552
28.474711
28.481870
28.489029
28.496188
28.503347
28.510505
28.517664
28.524823
28.531982
28.539141
28.546300
28.553459
28.560618
28.567777
28.574935
28.582094
28.589253
28.596412
28.603571
28.610730
28.617889
28.625048
28.632207
28.639366
28.646524
28.653683
28.660842
28.668001
28.675160
28.675835
28.675835
28.675835
28.675835
28.675835
28.675835
28.675835
28.675835
28.675835
28.675835
28.675835
28.675835
28.675835
28.675835
28.675835
28.675835
28.675835
28.675835
28.675835
28.675835
28.675835
28.675835
28.675835
28.675835
28.675835
28.675835
28.675835
28.675835
28.675835
28.675835
28.675835
28.675835
28.675835
28.675835
28.675835
28.675835
28.675835
28.675835
28.675835
28.675835
28.675835
28.675835
28.675835
28.675835
28.675835
28.675835
28.675835
28.675835
28.675835
28.675835
28.675835
28.675835
28.675835
28.675835
28.675835
28.675835
28.675835
28.675835
28.675835
28.675835
28.675835
28.675835
28.675835
28.675835
28.675835
28.675835
28.675835
28.675835
28.675835
28.675835
28.675835
28.675835
28.675835
28.675835
28.675835
28.675835
28.675835
28.675835
28.675835
28.675835
28.675835
28.675835
28.675835
28.675835
28.675835
28.675835
28.675835
28.675835
28.675835
28.675835
28.675835
28.675835
28.675835
28.675835
28.675835
28.675835
28.675835
28.675835
28.675835
28.675835
28.675835
28.675835
28.675835
28.675835
28.675835
28.675835
28.675835
28.675835
28.675835
28.675835
28.675835
28.675835
28.675835
28.675835
28.675835
28.675835
28.675835
28.675835
28.675835
28.675835
28.675835
28.675835
28.675835
28.675835
28.675835
28.675835
28.675835
28.675835
28.675835
28.675835
28.675835
28.675835
28.675835
28.675835
28.675835
28.675835
28.675835
28.675835
28.675835
28.675835
28.675835
28.675835
28.675835
28.675835
28.675835
28.675835
28.675835
28.675835
28.675835
28.675835
28.675835
28.675835
28.675835
28.675835
28.675835
28.675835
28.675835
28.675835
28.675835
28.675835
28.675835
28.675835
28.675835
28.675835
28.675835
28.675835
28.675835
28.675835
28.675835
28.675835
28.675835
28.675835
28.675835
28.675835
28.675835
28.675835
28.675835
28.675835
28.675835
28.675835
28.675835
28.675835
28.675835
28.675835
28.675835
28.675835
28.675835
28.675835
28.675835
28.675835
28.675835
28.675835
28.675835
28.675835
28.675835
28.675835
28.675835
28.675835
28.675835
28.675835
28.675835
28.675835
28.675835
28.675835
28.675835
28.675835
28.675835
28.675835
28.675835
28.675835
28.675835
28.675835
28.675835
28.675835
28.675835
28.675835
28.675835
28.675835
28.675835
28.675835
28.675835
28.675835
28.675835
28.675835
28.675835
28.675835
28.675835
28.675835
28.675835
28.675835
28.675835
28.675835
28.675835
28.675835
28.675835
28.675835
28.675835
28.675835
28.675835
28.675835
28.675835
28.675835
28.675835
28.675835
28.675835
28.675835
28.675835
28.675835
28.675835
28.675835
28.675835
28.675835
28.675835
28.675835
28.675835
28.675835
28.675835
28.675835
28.675835
28.675835
28.675835
28.675835
28.675835
28.675835
28.675835
28.675835
28.675835
28.675835
28.675835
28.675835
28.675835
28.675835
28.675835
28.675835
28.675835
28.675835
28.675835
28.675835
28.675835
28.675835
28.675835
28.675835
28.675835
