0.000000
0.000000
0.000000
0.000000
0.000000
0.000000
0.000000
0.000000
0.000000
0.000000
0.000000
0.000000
0.000000
0.000000
0.000000
0.000000
0.000000
0.000000
0.000000
0.000000
0.000000
0.000000
0.000000
0.000000
0.000000
0.000000
0.000000
0.000000
0.000000
0.000000
0.000000
0.000000
0.000000
0.000000
0.000000
0.000000
0.000000
0.000000
0.000000
0.000000
0.000000
0.000000
0.000000
0.000000
0.000000
0.000000
0.000000
0.000000
0.000000
0.000000
0.000000
0.000000
0.000000
0.000000
0.000000
0.000000
0.000000
0.000000
0.000000
0.000000
0.000000
0.000000
0.000000
0.000000
0.000000
0.000000
0.000000
0.000000
0.000000
0.000000
0.000000
0.000000
0.000000
0.000000
0.000000
0.000000
0.000000
0.000000
0.000000
0.000000
0.000000
0.000000
0.000000
0.000000
0.000000
0.000000
0.000000
0.000000
0.000000
0.000000
0.000000
0.000000
0.000000
0.000000
0.000000
0.000000
0.000000
0.000000
0.000000
0.000000
0.000000
0.000000
0.000000
0.000000
0.000000
0.000000
0.000000
0.000000
0.000000
0.000000
0.000000
0.000000
0.000000
0.000000
0.000000
0.000000
0.000000
0.000000
0.000000
0.000000
0.000000
0.000000
0.000000
0.000000
0.000000
0.000000
0.000000
0.000000
0.000000
0.000000
0.000000
0.000000
0.000000
0.000000
0.000000
0.000000
0.000000
0.000000
0.000000
0.000000
0.000000
0.000000
0.001209
0.002418
0.003627
0.004835
0.006043
0.007249
0.008455
0.009659
0.010862
0.012063
0.013263
0.014461
0.015656
0.016849
0.018040
0.019228
0.020413
0.021596
0.022775
0.023951
0.025123
0.026291
0.027456
0.028617
0.029774
0.030926
0.032074
0.033217
0.034355
0.035488
0.036616
0.037738
0.038856
0.039967
0.041072
0.042172
0.043265
0.044352
0.045433
0.046507
0.047574
0.048634
0.049687
0.050733
0.051771
0.052802
0.053825
0.054840
0.055848
0.056847
0.057837
0.058820
0.059793
0.060758
0.061714
0.062661
0.063599
0.064528
0.065447
0.066356
0.067256
0.068146
0.069026
0.069896
0.070756
0.071605
0.072444
0.073272
0.074090
0.074896
0.075692
0.076477
0.077250
0.078013
0.078764
0.079503
0.080231
0.080946
0.081651
0.082343
0.083023
0.083691
0.084347
0.084990
0.085621
0.086240
0.086845
0.087439
0.088019
0.088586
0.089141
0.089682
0.090211
0.090726
0.091228
0.091717
0.092192
0.092654
0.093102
0.093536
0.093957
0.094364
0.094758
0.095137
0.095503
0.095854
0.096192
0.096515
0.096825
0.097120
0.097401
0.097668
0.097920
0.098158
0.098382
0.098592
0.098787
0.098967
0.099133
0.099285
0.099380
0.099380
0.099507
0.099620
0.099718
0.099801
0.099870
0.099925
0.099964
0.099989
0.100000
0.099995
0.099977
0.099943
0.099895
0.099833
0.099755
0.099663
0.099557
0.099436
0.099301
0.099150
0.098986
0.098807
0.098613
0.098406
0.098183
0.097947
0.097696
0.097431
0.097151
0.096857
0.096549
0.096228
0.095891
0.095541
0.095177
0.094799
0.094408
0.094002
0.093583
0.093149
0.092703
0.092243
0.091769
0.091282
0.090781
0.090267
0.089740
0.089200
0.088647
0.088081
0.087502
0.086910
0.086306
0.085689
0.085059
0.084417
0.083763
0.083096
0.082417
0.081726
0.081023
0.080309
0.079582
0.078844
0.078095
0.077334
0.076561
0.075778
0.074983
0.074178
0.073361
0.072534
0.071696
0.070848
0.069990
0.069121
0.068242
0.067353
0.066454
0.065546
0.064628
0.063700
0.062763
0.061817
0.060862
0.059898
0.058926
0.057944
0.056955
0.055956
0.054950
0.053936
0.052914
0.051884
0.050846
0.049801
0.048749
0.047689
0.046623
0.045550
0.044470
0.043384
0.042291
0.041192
0.040087
0.038976
0.037860
0.036738
0.035611
0.034478
0.033340
0.032198
0.031051
0.029899
0.028743
0.027582
0.026418
0.025250
0.024078
0.022903
0.021724
0.020542
0.019357
0.018169
0.016979
0.015786
0.014590
0.013393
0.012194
0.010993
0.009790
0.008586
0.007380
0.006174
0.004966
0.003758
0.002550
0.001340
0.000131
0.000000
0.000000
0.000000
0.000000
0.000000
0.000000
0.000000
0.000000
0.000000
0.000000
0.000000
0.000000
0.000000
0.000000
0.000000
0.000000
0.000000
0.000000
0.000000
0.000000
0.000000
0.000000
0.000000
0.000000
0.000000
0.000000
0.000000
0.000000
0.000000
0.000000
0.000000
0.000000
0.000000
0.000000
0.000000
0.000000
0.000000
0.000000
0.000000
0.000000
0.000000
0.000000
0.000000
0.000000
0.000000
0.000000
0.000000
0.000000
0.000000
0.000000
0.000000
0.000000
0.000000
0.000000
0.000000
0.000000
0.000000
0.000000
0.000000
0.000000
0.000000
0.000000
0.000000
0.000000
0.000000
0.000000
0.000000
0.000000
0.000000
0.000000
0.000000
0.000000
0.000000
0.000000
0.000000
0.000000
0.000000
0.000000
0.000000
0.000000
0.000000
0.000000
0.000000
0.000000
0.000000
0.000000
0.000000
0.000000
0.000000
0.000000
0.000000
0.000000
0.000000
0.000000
0.000000
0.000000
0.000000
0.000000
0.000000
0.000000
0.000000
0.000000
0.000000
0.000000
0.000000
0.000000
0.000000
0.000000
0.000000
0.000000
0.000000
0.000000
0.000000
0.000000
0.000000
0.000000
0.000000
0.000000
0.000000
0.000000
0.000000
0.000000
0.000000
0.000000
0.000000
0.000000
0.000000
0.000000
0.000000
0.000000
0.000000
0.000000
0.000000
0.000000
0.000000
0.000000
0.000000
0.000000
0.000000
0.000000
0.000000
0.000000
0.000000
0.000000
0.000000
0.000000
0.000000
0.000000
0.000000
0.000000
0.000000
0.000000
0.000000
0.000000
0.000000
0.000000
0.000000
0.000000
0.000000
0.000000
0.000000
0.000000
0.000000
0.000000
0.000000
0.000000
0.000000
0.000000
0.000000
0.000000
0.000000
0.000000
0.000000
0.000000
0.000000
0.000000
0.000000
0.000000
0.000000
0.000000
0.000000
0.000000
0.000000
0.000000
0.000000
0.000000
0.000000
0.000000
0.000000
0.000000
0.000000
0.000000
0.000000
0.000000
0.000000
0.000000
0.000000
0.000000
0.000000
0.000000
0.000000
0.000000
0.000000
0.000000
0.000000
0.000000
0.000000
0.000000
0.000000
0.000000
0.000000
0.000000
0.000000
0.000000
0.000000
0.000000
0.000000
0.000000
0.000000
0.000000
0.000000
0.000000
0.000000
0.000000
0.000000
0.000000
0.000000
0.000000
0.000000
0.000000
0.000000
0.000000
0.000000
0.000000
0.000000
0.000000
0.000000
0.000000
0.000000
0.000000
0.000000
0.000000
0.000000
0.000000
0.000000
0.000000
0.000000
0.000000
0.000000
0.000000
0.000000
0.000000
0.000000
0.000000
0.000000
0.000000
0.000000
0.000000
0.000000
0.000000
0.000000
0.000000
0.000000
0.000000
0.000000
0.000000
0.000000
0.001181
0.002361
0.003541
0.004721
0.005900
0.007078
0.008256
0.009432
0.010607
0.011780
0.012952
0.014121
0.015289
0.016455
0.017619
0.018780
0.019938
0.021094
0.022246
0.023396
0.024542
0.025685
0.026824
0.027960
0.029091
0.030219
0.031342
0.032462
0.033576
0.034686
0.035791
0.036891
0.037986
0.039075
0.040159
0.041238
0.042311
0.043377
0.044438
0.045493
0.046541
0.047583
0.048618
0.049647
0.050668
0.051682
0.052690
0.053689
0.054682
0.055666
0.056643
0.057613
0.058574
0.059526
0.060471
0.061407
0.062335
0.063254
0.064164
0.065065
0.065957
0.066840
0.067713
0.068578
0.069432
0.070277
0.071112
0.071937
0.072752
0.073557
0.074352
0.075136
0.075910
0.076674
0.077426
0.078168
0.078899
0.079619
0.080328
0.081025
0.081712
0.082387
0.083050
0.083702
0.084342
0.084971
0.085587
0.086192
0.086785
0.087365
0.087934
0.088490
0.089034
0.089565
0.090084
0.090590
0.091084
0.091565
0.092033
0.092488
0.092931
0.093361
0.093777
0.094181
0.094571
0.094948
0.095312
0.095663
0.096000
0.096324
0.096634
0.096931
0.097215
0.097485
0.097741
0.097984
0.098080
0.098080
0.098304
0.098513
0.098709
0.098892
0.099060
0.099215
0.099355
0.099482
0.099595
0.099695
0.099780
0.099851
0.099909
0.099952
0.099982
0.099997
0.099999
0.099987
0.099961
0.099920
0.099866
0.099798
0.099717
0.099621
0.099511
0.099388
0.099250
0.099099
0.098934
0.098755
0.098562
0.098356
0.098136
0.097902
0.097655
0.097394
0.097119
0.096831
0.096529
0.096214
0.095886
0.095544
0.095189
0.094820
0.094439
0.094044
0.093636
0.093215
0.092781
0.092334
0.091874
0.091402
0.090916
0.090418
0.089907
0.089384
0.088849
0.088301
0.087740
0.087168
0.086583
0.085986
0.085377
0.084757
0.084124
0.083480
0.082824
0.082157
0.081478
0.080788
0.080086
0.079374
0.078650
0.077915
0.077170
0.076413
0.075646
0.074869
0.074081
0.073283
0.072474
0.071656
0.070827
0.069989
0.069141
0.068283
0.067415
0.066539
0.065653
0.064757
0.063853
0.062940
0.062018
0.061088
0.060149
0.059201
0.058245
0.057282
0.056310
0.055330
0.054343
0.053348
0.052345
0.051336
0.050319
0.049295
0.048264
0.047227
0.046183
0.045132
0.044076
0.043013
0.041944
0.040869
0.039789
0.038703
0.037611
0.036515
0.035413
0.034306
0.033195
0.032079
0.030958
0.029833
0.028704
0.027571
0.026435
0.025294
0.024150
0.023002
0.021852
0.020698
0.019542
0.018382
0.017220
0.016056
0.014890
0.013721
0.012551
0.011378
0.010204
0.009029
0.007853
0.006675
0.005497
0.004317
0.003137
0.001957
0.000776
0.000000
0.000000
0.000000
0.000000
0.000000
0.000000
0.000000
0.000000
0.000000
0.000000
0.000000
0.000000
0.000000
0.000000
0.000000
0.000000
0.000000
0.000000
0.000000
0.000000
0.000000
0.000000
0.000000
0.000000
0.000000
0.000000
0.000000
0.000000
0.000000
0.000000
0.000000
0.000000
0.000000
0.000000
0.000000
0.000000
0.000000
0.000000
0.000000
0.000000
0.000000
0.000000
0.000000
0.000000
0.000000
0.000000
0.000000
0.000000
0.000000
0.000000
0.000000
0.000000
0.000000
0.000000
0.000000
0.000000
0.000000
0.000000
0.000000
0.000000
0.000000
0.000000
0.000000
0.000000
0.000000
0.000000
0.000000
0.000000
0.000000
0.000000
0.000000
0.000000
0.000000
0.000000
0.000000
0.000000
0.000000
0.000000
0.000000
0.000000
0.000000
0.000000
0.000000
0.000000
0.000000
0.000000
0.000000
0.000000
0.000000
0.000000
0.000000
0.000000
0.000000
0.000000
0.000000
0.000000
0.000000
0.000000
0.000000
0.000000
0.000000
0.000000
0.000000
0.000000
0.000000
0.000000
0.000000
0.000000
0.000000
0.000000
0.000000
0.000000
0.000000
0.000000
0.000000
0.000000
0.000000
0.000000
0.000000
0.000000
0.000000
0.000000
0.000000
0.000000
0.000000
0.000000
0.000000
0.000000
0.000000
0.000000
0.000000
0.000000
0.000000
0.000000
0.000000
0.000000
0.000000
0.000000
0.000000
0.000000
0.000000
0.000000
0.000000
0.000000
0.000000
0.000000
0.000000
0.000000
0.000000
0.000000
0.000000
0.000000
0.000000
0.000000
0.000000
0.000000
0.000000
0.000000
0.000000
0.000000
0.000000
0.000000
0.000000
0.000000
0.000000
0.000000
0.000000
0.000000
0.000000
0.000000
0.000000
0.000000
0.000000
0.000000
0.000000
0.000000
0.000000
0.000000
0.000000
0.000000
0.000000
0.000000
0.000000
0.000000
0.000000
0.000000
0.000000
0.000000
0.000000
0.000000
0.000000
0.000000
0.000000
0.000000
0.000000
0.000000
0.000000
0.000000
0.000000
0.000000
0.000000
0.000000
0.000000
0.000000
0.000000
0.000000
0.000000
0.000000
0.000000
0.000000
0.000000
0.000000
0.000000
0.000000
0.000000
0.000000
0.000000
0.000000
0.000000
0.000000
0.000000
0.000000
0.000000
0.000000
0.000000
0.000000
0.000000
0.000000
0.000000
0.000000
0.000000
0.000000
0.000000
0.000000
0.000000
0.000000
0.000000
0.000000
0.000000
0.000000
0.000000
0.000000
0.000000
0.000000
0.000000
0.000000
0.000000
0.000000
0.000000
0.000000
0.000000
0.000000
0.000000
0.000000
0.000000
0.000000
0.000000
0.000000
0.000000
0.000000
0.000000
0.000000
0.000000
0.000000
0.000000
0.000000
0.000000
0.000000
0.000000
0.000000
0.000000
0.001168
0.002335
0.003502
0.004669
0.005835
0.007000
0.008164
0.009328
0.010489
0.011650
0.012809
0.013966
0.015121
0.016274
0.017425
0.018574
0.019720
0.020863
0.022004
0.023141
0.024275
0.025406
0.026534
0.027658
0.028778
0.029894
0.031007
0.032114
0.033218
0.034317
0.035411
0.036501
0.037586
0.038665
0.039739
0.040808
0.041871
0.042929
0.043980
0.045026
0.046065
0.047098
0.048125
0.049145
0.050159
0.051166
0.052165
0.053158
0.054143
0.055121
0.056092
0.057055
0.058010
0.058957
0.059896
0.060827
0.061749
0.062664
0.063569
0.064466
0.065354
0.066234
0.067104
0.067965
0.068817
0.069659
0.070492
0.071316
0.072129
0.072933
0.073727
0.074511
0.075285
0.076048
0.076801
0.077543
0.078275
0.078997
0.079707
0.080407
0.081096
0.081773
0.082440
0.083095
0.083739
0.084371
0.084992
0.085602
0.086200
0.086786
0.087360
0.087922
0.088472
0.089011
0.089537
0.090051
0.090552
0.091041
0.091518
0.091983
0.092434
0.092874
0.093300
0.093714
0.094115
0.094503
0.094879
0.095241
0.095590
0.095927
0.096250
0.096560
0.096857
0.097141
0.097412
0.097669
0.097913
0.098092
0.098092
0.098313
0.098520
0.098713
0.098893
0.099059
0.099212
0.099352
0.099478
0.099590
0.099689
0.099774
0.099846
0.099904
0.099948
0.099979
0.099996
0.100000
0.099989
0.099966
0.099928
0.099877
0.099813
0.099734
0.099642
0.099537
0.099418
0.099285
0.099139
0.098980
0.098807
0.098620
0.098420
0.098206
0.097980
0.097739
0.097486
0.097219
0.096939
0.096646
0.096339
0.096020
0.095687
0.095341
0.094983
0.094611
0.094226
0.093829
0.093419
0.092996
0.092560
0.092112
0.091651
0.091178
0.090692
0.090194
0.089683
0.089161
0.088626
0.088079
0.087520
0.086949
0.086367
0.085772
0.085166
0.084549
0.083919
0.083279
0.082627
0.081963
0.081289
0.080603
0.079907
0.079199
0.078481
0.077752
0.077012
0.076262
0.075502
0.074731
0.073950
0.073159
0.072358
0.071547
0.070727
0.069896
0.069056
0.068207
0.067349
0.066481
0.065604
0.064719
0.063824
0.062921
0.062009
0.061089
0.060160
0.059224
0.058279
0.057326
0.056365
0.055397
0.054421
0.053438
0.052447
0.051450
0.050445
0.049433
0.048415
0.047390
0.046359
0.045321
0.044277
0.043227
0.042171
0.041110
0.040042
0.038970
0.037892
0.036809
0.035721
0.034627
0.033530
0.032427
0.031321
0.030210
0.029095
0.027976
0.026853
0.025726
0.024596
0.023463
0.022326
0.021186
0.020044
0.018899
0.017751
0.016600
0.015448
0.014293
0.013137
0.011978
0.010818
0.009657
0.008494
0.007330
0.006165
0.004999
0.003833
0.002666
0.001498
0.000331
0.000000
0.000000
0.000000
0.000000
0.000000
0.000000
0.000000
0.000000
0.000000
0.000000
0.000000
0.000000
0.000000
0.000000
0.000000
0.000000
0.000000
0.000000
0.000000
0.000000
0.000000
0.000000
0.000000
0.000000
0.000000
0.000000
0.000000
0.000000
0.000000
0.000000
0.000000
0.000000
0.000000
0.000000
0.000000
0.000000
0.000000
0.000000
0.000000
0.000000
0.000000
0.000000
0.000000
0.000000
0.000000
0.000000
0.000000
0.000000
0.000000
0.000000
0.000000
0.000000
0.000000
0.000000
0.000000
0.000000
0.000000
0.000000
0.000000
0.000000
0.000000
0.000000
0.000000
0.000000
0.000000
0.000000
0.000000
0.000000
0.000000
0.000000
0.000000
0.000000
0.000000
0.000000
0.000000
0.000000
0.000000
0.000000
0.000000
0.000000
0.000000
0.000000
0.000000
0.000000
0.000000
0.000000
0.000000
0.000000
0.000000
0.000000
0.000000
0.000000
0.000000
0.000000
0.000000
0.000000
0.000000
0.000000
0.000000
0.000000
0.000000
0.000000
0.000000
0.000000
0.000000
0.000000
0.000000
0.000000
0.000000
0.000000
0.000000
0.000000
0.000000
0.000000
0.000000
0.000000
0.000000
0.000000
0.000000
0.000000
0.000000
0.000000
0.000000
0.000000
0.000000
0.000000
0.000000
0.000000
0.000000
0.000000
0.000000
0.000000
0.000000
0.000000
0.000000
0.000000
0.000000
0.000000
0.000000
0.000000
0.000000
0.000000
0.000000
0.000000
0.000000
0.000000
0.000000
0.000000
0.000000
0.000000
0.000000
0.000000
0.000000
0.000000
0.000000
0.000000
0.000000
0.000000
0.000000
0.000000
0.000000
0.000000
0.000000
0.000000
0.000000
0.000000
0.000000
0.000000
0.000000
0.000000
0.000000
0.000000
0.000000
0.000000
0.000000
0.000000
0.000000
0.000000
0.000000
0.000000
0.000000
0.000000
0.000000
0.000000
0.000000
0.000000
0.000000
0.000000
0.000000
0.000000
0.000000
0.000000
0.000000
0.000000
0.000000
0.000000
0.000000
0.000000
0.000000
0.000000
0.000000
0.000000
0.000000
0.000000
0.000000
0.000000
0.000000
0.000000
0.000000
0.000000
0.000000
0.000000
0.000000
0.000000
0.000000
0.000000
0.000000
0.000000
0.000000
0.000000
0.000000
0.000000
0.000000
0.000000
0.000000
0.000000
0.000000
0.000000
0.000000
0.000000
0.000000
0.000000
0.000000
0.000000
0.000000
0.000000
0.000000
0.000000
0.000000
0.000000
0.000000
0.000000
0.000000
0.000000
0.000000
0.000000
0.000000
0.000000
0.000000
0.000000
0.000000
0.000000
0.000000
0.000000
0.000000
0.000000
0.000000
0.000000
0.000000
0.000000
0.000000
0.000000
0.000000
0.000000
0.000000
0.000000
0.000000
0.000000
0.000000
0.000000
0.000000
0.000000
0.000000
0.000000
0.001154
0.002307
0.003460
0.004613
0.005765
0.006917
0.008067
0.009216
0.010365
0.011511
0.012657
0.013800
0.014942
0.016082
0.017219
0.018355
0.019487
0.020618
0.021745
0.022870
0.023991
0.025110
0.026225
0.027336
0.028444
0.029548
0.030649
0.031745
0.032837
0.033924
0.035007
0.036085
0.037159
0.038227
0.039291
0.040349
0.041402
0.042450
0.043491
0.044527
0.045557
0.046581
0.047599
0.048610
0.049615
0.050614
0.051605
0.052590
0.053568
0.054539
0.055502
0.056458
0.057406
0.058347
0.059280
0.060205
0.061122
0.062032
0.062932
0.063825
0.064709
0.065584
0.066450
0.067308
0.068157
0.068996
0.069827
0.070648
0.071460
0.072262
0.073055
0.073838
0.074611
0.075374
0.076127
0.076870
0.077603
0.078325
0.079037
0.079739
0.080430
0.081110
0.081779
0.082438
0.083086
0.083722
0.084347
0.084961
0.085564
0.086156
0.086736
0.087304
0.087861
0.088406
0.088939
0.089461
0.089970
0.090468
0.090953
0.091427
0.091888
0.092337
0.092774
0.093198
0.093610
0.094010
0.094397
0.094771
0.095133
0.095482
0.095819
0.096143
0.096454
0.096752
0.097037
0.097309
0.097569
0.097815
0.098048
0.098269
0.098358
0.098358
0.098560
0.098748
0.098924
0.099086
0.099235
0.099371
0.099493
0.099603
0.099699
0.099782
0.099851
0.099908
0.099950
0.099980
0.099996
0.100000
0.099989
0.099966
0.099929
0.099879
0.099815
0.099738
0.099648
0.099545
0.099428
0.099299
0.099156
0.098999
0.098830
0.098647
0.098452
0.098243
0.098021
0.097786
0.097538
0.097278
0.097004
0.096717
0.096417
0.096105
0.095780
0.095442
0.095091
0.094728
0.094352
0.093963
0.093562
0.093149
0.092723
0.092284
0.091834
0.091371
0.090896
0.090409
0.089910
0.089399
0.088876
0.088342
0.087795
0.087237
0.086667
0.086086
0.085493
0.084889
0.084274
0.083647
0.083009
0.082360
0.081701
0.081030
0.080348
0.079656
0.078954
0.078240
0.077517
0.076783
0.076038
0.075284
0.074520
0.073745
0.072961
0.072167
0.071364
0.070551
0.069729
0.068897
0.068056
0.067207
0.066348
0.065480
0.064604
0.063719
0.062826
0.061924
0.061014
0.060096
0.059170
0.058236
0.057294
0.056345
0.055388
0.054424
0.053452
0.052474
0.051488
0.050496
0.049496
0.048491
0.047479
0.046460
0.045435
0.044405
0.043368
0.042326
0.041277
0.040224
0.039165
0.038101
0.037032
0.035958
0.034879
0.033795
0.032707
0.031615
0.030518
0.029417
0.028313
0.027205
0.026093
0.024977
0.023858
0.022736
0.021611
0.020484
0.019353
0.018220
0.017084
0.015946
0.014806
0.013665
0.012521
0.011375
0.010228
0.009080
0.007931
0.006780
0.005629
0.004476
0.003324
0.002170
0.001017
0.000000
0.000000
0.000000
0.000000
0.000000
0.000000
0.000000
0.000000
0.000000
0.000000
0.000000
0.000000
0.000000
0.000000
0.000000
0.000000
0.000000
0.000000
0.000000
0.000000
0.000000
0.000000
0.000000
0.000000
0.000000
0.000000
0.000000
0.000000
0.000000
0.000000
0.000000
0.000000
0.000000
0.000000
0.000000
0.000000
0.000000
0.000000
0.000000
0.000000
0.000000
0.000000
0.000000
0.000000
0.000000
0.000000
0.000000
0.000000
0.000000
0.000000
0.000000
0.000000
0.000000
0.000000
0.000000
0.000000
0.000000
0.000000
0.000000
0.000000
0.000000
0.000000
0.000000
0.000000
0.000000
0.000000
0.000000
0.000000
0.000000
0.000000
0.000000
0.000000
0.000000
0.000000
0.000000
0.000000
0.000000
0.000000
0.000000
0.000000
0.000000
0.000000
0.000000
0.000000
0.000000
0.000000
0.000000
0.000000
0.000000
0.000000
0.000000
0.000000
0.000000
0.000000
0.000000
0.000000
0.000000
0.000000
0.000000
0.000000
0.000000
0.000000
0.000000
0.000000
0.000000
0.000000
0.000000
0.000000
0.000000
0.000000
0.000000
0.000000
0.000000
0.000000
0.000000
0.000000
0.000000
0.000000
0.000000
0.000000
0.000000
0.000000
0.000000
0.000000
0.000000
0.000000
0.000000
0.000000
0.000000
0.000000
0.000000
0.000000
0.000000
0.000000
0.000000
0.000000
0.000000
0.000000
0.000000
0.000000
0.000000
0.000000
0.000000
0.000000
0.000000
0.000000
0.000000
0.000000
0.000000
0.000000
0.000000
0.000000
0.000000
0.000000
0.000000
0.000000
0.000000
0.000000
0.000000
0.000000
0.000000
0.000000
0.000000
0.000000
0.000000
0.000000
0.000000
0.000000
0.000000
0.000000
0.000000
0.000000
0.000000
0.000000
0.000000
0.000000
0.000000
0.000000
0.000000
0.000000
0.000000
0.000000
0.000000
0.000000
0.000000
0.000000
0.000000
0.000000
0.000000
0.000000
0.000000
0.000000
0.000000
0.000000
0.000000
0.000000
0.000000
0.000000
0.000000
0.000000
0.000000
0.000000
0.000000
0.000000
0.000000
0.000000
0.000000
0.000000
0.000000
0.000000
0.000000
0.000000
0.000000
0.000000
0.000000
0.000000
0.000000
0.000000
0.000000
0.000000
0.000000
0.000000
0.000000
0.000000
0.000000
0.000000
0.000000
0.000000
0.000000
0.000000
0.000000
0.000000
0.000000
0.000000
0.000000
0.000000
0.000000
0.000000
0.000000
0.000000
0.000000
0.000000
0.000000
0.000000
0.000000
0.000000
0.000000
0.000000
0.000000
0.000000
0.000000
0.000000
0.000000
0.000000
0.000000
0.000000
0.000000
0.000000
0.000000
0.000000
0.000000
0.000000
0.000000
0.000000
0.000000
0.000000
0.000000
0.000000
0.000000
0.000000
0.000000
0.000000
0.000000
0.000000
0.000000
0.000000
0.000000
0.000000
0.001137
0.002274
0.003411
0.004548
0.005684
0.006819
0.007953
0.009086
0.010218
0.011349
0.012478
0.013606
0.014731
0.015855
0.016977
0.018097
0.019214
0.020329
0.021441
0.022551
0.023657
0.024761
0.025861
0.026958
0.028051
0.029141
0.030227
0.031309
0.032388
0.033461
0.034531
0.035596
0.036657
0.037712
0.038763
0.039809
0.040850
0.041885
0.042915
0.043940
0.044959
0.045972
0.046979
0.047979
0.048974
0.049963
0.050945
0.051920
0.052889
0.053850
0.054805
0.055753
0.056693
0.057627
0.058552
0.059471
0.060381
0.061284
0.062178
0.063065
0.063944
0.064814
0.065676
0.066529
0.067374
0.068210
0.069037
0.069856
0.070665
0.071465
0.072256
0.073037
0.073810
0.074572
0.075325
0.076068
0.076802
0.077525
0.078238
0.078942
0.079635
0.080317
0.080990
0.081652
0.082303
0.082943
0.083573
0.084193
0.084801
0.085398
0.085984
0.086559
0.087123
0.087676
0.088217
0.088747
0.089265
0.089772
0.090268
0.090751
0.091223
0.091683
0.092131
0.092567
0.092992
0.093404
0.093804
0.094192
0.094568
0.094932
0.095283
0.095622
0.095949
0.096263
0.096565
0.096854
0.097131
0.097395
0.097646
0.097885
0.098112
0.098325
0.098526
0.098689
0.098689
0.098867
0.099031
0.099182
0.099321
0.099447
0.099560
0.099660
0.099747
0.099822
0.099883
0.099932
0.099967
0.099990
0.100000
0.099996
0.099980
0.099951
0.099909
0.099854
0.099786
0.099706
0.099612
0.099505
0.099386
0.099254
0.099109
0.098951
0.098780
0.098596
0.098400
0.098191
0.097969
0.097735
0.097488
0.097228
0.096956
0.096672
0.096374
0.096065
0.095743
0.095408
0.095061
0.094702
0.094331
0.093947
0.093551
0.093143
0.092724
0.092292
0.091848
0.091392
0.090925
0.090445
0.089954
0.089452
0.088937
0.088412
0.087875
0.087326
0.086766
0.086195
0.085613
0.085020
0.084416
0.083801
0.083175
0.082538
0.081890
0.081232
0.080564
0.079885
0.079196
0.078496
0.077786
0.077067
0.076337
0.075597
0.074848
0.074089
0.073320
0.072542
0.071755
0.070958
0.070152
0.069337
0.068513
0.067680
0.066838
0.065988
0.065129
0.064262
0.063387
0.062503
0.061611
0.060711
0.059804
0.058888
0.057965
0.057035
0.056097
0.055152
0.054199
0.053240
0.052274
0.051301
0.050322
0.049336
0.048343
0.047344
0.046340
0.045329
0.044312
0.043290
0.042262
0.041228
0.040189
0.039145
0.038096
0.037042
0.035984
0.034920
0.033852
0.032780
0.031703
0.030623
0.029538
0.028449
0.027357
0.026262
0.025163
0.024060
0.022955
0.021846
0.020735
0.019621
0.018505
0.017386
0.016265
0.015142
0.014016
0.012889
0.011761
0.010631
0.009499
0.008366
0.007232
0.006098
0.004962
0.003826
0.002689
0.001552
0.000415
0.000000
0.000000
0.000000
0.000000
0.000000
0.000000
0.000000
0.000000
0.000000
0.000000
0.000000
0.000000
0.000000
0.000000
0.000000
0.000000
0.000000
0.000000
0.000000
0.000000
0.000000
0.000000
0.000000
0.000000
0.000000
0.000000
0.000000
0.000000
0.000000
0.000000
0.000000
0.000000
0.000000
0.000000
0.000000
0.000000
0.000000
0.000000
0.000000
0.000000
0.000000
0.000000
0.000000
0.000000
0.000000
0.000000
0.000000
0.000000
0.000000
0.000000
0.000000
0.000000
0.000000
0.000000
0.000000
0.000000
0.000000
0.000000
0.000000
0.000000
0.000000
0.000000
0.000000
0.000000
0.000000
0.000000
0.000000
0.000000
0.000000
0.000000
0.000000
0.000000
0.000000
0.000000
0.000000
0.000000
0.000000
0.000000
0.000000
0.000000
0.000000
0.000000
0.000000
0.000000
0.000000
0.000000
0.000000
0.000000
0.000000
0.000000
0.000000
0.000000
0.000000
0.000000
0.000000
0.000000
0.000000
0.000000
0.000000
0.000000
0.000000
0.000000
0.000000
0.000000
0.000000
0.000000
0.000000
0.000000
0.000000
0.000000
0.000000
0.000000
0.000000
0.000000
0.000000
0.000000
0.000000
0.000000
0.000000
0.000000
0.000000
0.000000
0.000000
0.000000
0.000000
0.000000
0.000000
0.000000
0.000000
0.000000
0.000000
0.000000
0.000000
0.000000
0.000000
0.000000
0.000000
0.000000
0.000000
0.000000
0.000000
0.000000
0.000000
0.000000
0.000000
0.000000
0.000000
0.000000
0.000000
0.000000
0.000000
0.000000
0.000000
0.000000
0.000000
0.000000
0.000000
0.000000
0.000000
0.000000
0.000000
0.000000
0.000000
0.000000
0.000000
0.000000
0.000000
0.000000
0.000000
0.000000
0.000000
0.000000
0.000000
0.000000
0.000000
0.000000
0.000000
0.000000
0.000000
0.000000
0.000000
0.000000
0.000000
0.000000
0.000000
0.000000
0.000000
0.000000
0.000000
0.000000
0.000000
0.000000
0.000000
0.000000
0.000000
0.000000
0.000000
0.000000
0.000000
0.000000
0.000000
0.000000
0.000000
0.000000
0.000000
0.000000
0.000000
0.000000
0.000000
0.000000
0.000000
0.000000
0.000000
0.000000
0.000000
0.000000
0.000000
0.000000
0.000000
0.000000
0.000000
0.000000
0.000000
0.000000
0.000000
0.000000
0.000000
0.000000
0.000000
0.000000
0.000000
0.000000
0.000000
0.000000
0.000000
0.000000
0.000000
0.000000
0.000000
0.000000
0.000000
0.000000
0.000000
0.000000
0.000000
0.000000
0.000000
0.000000
0.000000
0.000000
0.000000
0.000000
0.000000
0.000000
0.000000
0.000000
0.000000
0.000000
0.000000
0.000000
0.000000
0.000000
0.000000
0.000000
0.000000
0.000000
0.000000
0.000000
0.000000
0.000000
0.000000
0.000000
0.000000
0.000000
0.000000
0.000000
0.000000
0.000000
0.000000
0.000000
0.000000
0.000000
0.000000
0.001123
0.002246
0.003369
0.004491
0.005613
0.006734
0.007854
0.008973
0.010091
0.011208
0.012323
0.013437
0.014549
0.015659
0.016768
0.017874
0.018978
0.020079
0.021178
0.022274
0.023368
0.024458
0.025546
0.026630
0.027711
0.028788
0.029862
0.030932
0.031998
0.033060
0.034118
0.035172
0.036221
0.037265
0.038305
0.039340
0.040370
0.041395
0.042415
0.043430
0.044439
0.045442
0.046439
0.047431
0.048417
0.049397
0.050370
0.051337
0.052298
0.053252
0.054199
0.055139
0.056073
0.056999
0.057918
0.058830
0.059735
0.060632
0.061521
0.062403
0.063276
0.064142
0.065000
0.065849
0.066690
0.067523
0.068347
0.069163
0.069969
0.070767
0.071556
0.072336
0.073107
0.073869
0.074621
0.075364
0.076098
0.076822
0.077536
0.078240
0.078935
0.079619
0.080294
0.080958
0.081612
0.082256
0.082890
0.083513
0.084125
0.084727
0.085318
0.085899
0.086468
0.087027
0.087575
0.088112
0.088637
0.089152
0.089655
0.090146
0.090627
0.091096
0.091554
0.091999
0.092434
0.092857
0.093268
0.093667
0.094054
0.094430
0.094793
0.095145
0.095485
0.095813
0.096128
0.096432
0.096723
0.097002
0.097269
0.097523
0.097766
0.097995
0.098213
0.098418
0.098611
0.098791
0.098959
0.099074
0.099074
0.099220
0.099354
0.099475
0.099583
0.099680
0.099763
0.099834
0.099892
0.099938
0.099971
0.099992
0.100000
0.099995
0.099978
0.099948
0.099906
0.099850
0.099783
0.099702
0.099610
0.099504
0.099386
0.099256
0.099113
0.098957
0.098789
0.098608
0.098415
0.098210
0.097992
0.097762
0.097520
0.097265
0.096998
0.096719
0.096427
0.096124
0.095808
0.095480
0.095140
0.094789
0.094425
0.094049
0.093662
0.093262
0.092851
0.092428
0.091994
0.091547
0.091090
0.090620
0.090140
0.089648
0.089145
0.088630
0.088104
0.087568
0.087020
0.086461
0.085891
0.085310
0.084719
0.084117
0.083504
0.082881
0.082248
0.081604
0.080949
0.080285
0.079610
0.078925
0.078231
0.077526
0.076812
0.076088
0.075354
0.074611
0.073859
0.073097
0.072326
0.071546
0.070757
0.069958
0.069151
0.068336
0.067512
0.066679
0.065838
0.064988
0.064130
0.063265
0.062391
0.061509
0.060620
0.059723
0.058818
0.057906
0.056987
0.056060
0.055127
0.054186
0.053239
0.052285
0.051324
0.050357
0.049383
0.048404
0.047418
0.046426
0.045428
0.044425
0.043416
0.042401
0.041382
0.040357
0.039326
0.038291
0.037251
0.036207
0.035157
0.034104
0.033046
0.031984
0.030918
0.029848
0.028774
0.027696
0.026615
0.025531
0.024444
0.023353
0.022260
0.021163
0.020064
0.018963
0.017859
0.016753
0.015644
0.014534
0.013422
0.012308
0.011193
0.010076
0.008958
0.007839
0.006719
0.005598
0.004476
0.003354
0.002231
0.001108
0.000000
0.000000
0.000000
0.000000
0.000000
0.000000
0.000000
0.000000
0.000000
0.000000
0.000000
0.000000
0.000000
0.000000
0.000000
0.000000
0.000000
0.000000
0.000000
0.000000
0.000000
0.000000
0.000000
0.000000
0.000000
0.000000
0.000000
0.000000
0.000000
0.000000
0.000000
0.000000
0.000000
0.000000
0.000000
0.000000
0.000000
0.000000
0.000000
0.000000
0.000000
0.000000
0.000000
0.000000
0.000000
0.000000
0.000000
0.000000
0.000000
0.000000
0.000000
0.000000
0.000000
0.000000
0.000000
0.000000
0.000000
0.000000
0.000000
0.000000
0.000000
0.000000
0.000000
0.000000
0.000000
0.000000
0.000000
0.000000
0.000000
0.000000
0.000000
0.000000
0.000000
0.000000
0.000000
0.000000
0.000000
0.000000
0.000000
0.000000
0.000000
0.000000
0.000000
0.000000
0.000000
0.000000
0.000000
0.000000
0.000000
0.000000
0.000000
0.000000
0.000000
0.000000
0.000000
0.000000
0.000000
0.000000
0.000000
0.000000
0.000000
0.000000
0.000000
0.000000
0.000000
0.000000
0.000000
0.000000
0.000000
0.000000
0.000000
0.000000
0.000000
0.000000
0.000000
0.000000
0.000000
0.000000
0.000000
0.000000
0.000000
0.000000
0.000000
0.000000
0.000000
0.000000
0.000000
0.000000
0.000000
0.000000
0.000000
0.000000
0.000000
0.000000
0.000000
0.000000
0.000000
0.000000
0.000000
0.000000
0.000000
0.000000
0.000000
0.000000
0.000000
0.000000
0.000000
0.000000
0.000000
0.000000
0.000000
0.000000
0.000000
0.000000
0.000000
0.000000
0.000000
0.000000
0.000000
0.000000
0.000000
0.000000
0.000000
0.000000
0.000000
0.000000
0.000000
0.000000
0.000000
0.000000
0.000000
0.000000
0.000000
0.000000
0.000000
0.000000
0.000000
0.000000
0.000000
0.000000
0.000000
0.000000
0.000000
0.000000
0.000000
0.000000
0.000000
0.000000
0.000000
0.000000
0.000000
0.000000
0.000000
0.000000
0.000000
0.000000
0.000000
0.000000
0.000000
0.000000
0.000000
0.000000
0.000000
0.000000
0.000000
0.000000
0.000000
0.000000
0.000000
0.000000
0.000000
0.000000
0.000000
0.000000
0.000000
0.000000
0.000000
0.000000
0.000000
0.000000
0.000000
0.000000
0.000000
0.000000
0.000000
0.000000
0.000000
0.000000
0.000000
0.000000
0.000000
0.000000
0.000000
0.000000
0.000000
0.000000
0.000000
0.000000
0.000000
0.000000
0.000000
0.000000
0.000000
0.000000
0.000000
0.000000
0.000000
0.000000
0.000000
0.000000
0.000000
0.000000
0.000000
0.000000
0.000000
0.000000
0.000000
0.000000
0.000000
0.000000
0.000000
0.000000
0.000000
0.000000
0.000000
0.000000
0.000000
0.000000
0.000000
0.000000
0.000000
0.000000
0.000000
0.000000
0.000000
0.000000
0.000000
0.000000
0.000000
0.000000
0.000000
0.000000
0.000000
0.000000
0.000000
0.000000
0.001116
0.002231
0.003347
0.004462
0.005576
0.006690
0.007803
0.008914
0.010025
0.011135
0.012243
0.013349
0.014454
0.015558
0.016659
0.017758
0.018855
0.019949
0.021041
0.022131
0.023218
0.024301
0.025382
0.026460
0.027534
0.028605
0.029673
0.030736
0.031796
0.032852
0.033904
0.034951
0.035994
0.037033
0.038067
0.039097
0.040121
0.041141
0.042155
0.043164
0.044168
0.045166
0.046159
0.047146
0.048127
0.049102
0.050071
0.051034
0.051990
0.052940
0.053883
0.054820
0.055750
0.056672
0.057588
0.058497
0.059398
0.060292
0.061178
0.062057
0.062928
0.063791
0.064647
0.065494
0.066333
0.067164
0.067986
0.068800
0.069606
0.070402
0.071190
0.071970
0.072740
0.073501
0.074253
0.074996
0.075729
0.076453
0.077167
0.077872
0.078567
0.079253
0.079928
0.080594
0.081249
0.081895
0.082530
0.083155
0.083769
0.084374
0.084967
0.085550
0.086123
0.086684
0.087235
0.087775
0.088304
0.088823
0.089330
0.089826
0.090310
0.090784
0.091246
0.091697
0.092136
0.092564
0.092981
0.093386
0.093779
0.094160
0.094530
0.094888
0.095235
0.095569
0.095891
0.096202
0.096501
0.096787
0.097062
0.097324
0.097575
0.097813
0.098039
0.098252
0.098454
0.098643
0.098820
0.098985
0.099137
0.099278
0.099405
0.099465
0.099465
0.099574
0.099671
0.099755
0.099827
0.099886
0.099933
0.099968
0.099990
0.100000
0.099997
0.099981
0.099954
0.099914
0.099861
0.099796
0.099718
0.099629
0.099526
0.099412
0.099285
0.099145
0.098993
0.098829
0.098653
0.098464
0.098263
0.098050
0.097825
0.097587
0.097338
0.097076
0.096802
0.096516
0.096218
0.095908
0.095586
0.095253
0.094907
0.094550
0.094180
0.093799
0.093407
0.093002
0.092587
0.092159
0.091720
0.091270
0.090809
0.090336
0.089852
0.089356
0.088850
0.088332
0.087804
0.087264
0.086714
0.086153
0.085581
0.084998
0.084405
0.083802
0.083188
0.082563
0.081929
0.081284
0.080629
0.079964
0.079289
0.078604
0.077909
0.077205
0.076491
0.075768
0.075035
0.074292
0.073541
0.072780
0.072011
0.071232
0.070444
0.069648
0.068843
0.068030
0.067208
0.066377
0.065539
0.064692
0.063837
0.062974
0.062103
0.061225
0.060339
0.059446
0.058545
0.057636
0.056721
0.055799
0.054869
0.053933
0.052990
0.052040
0.051084
0.050122
0.049154
0.048179
0.047198
0.046211
0.045219
0.044221
0.043218
0.042209
0.041195
0.040175
0.039151
0.038122
0.037088
0.036050
0.035007
0.033959
0.032908
0.031852
0.030792
0.029729
0.028662
0.027591
0.026517
0.025439
0.024359
0.023275
0.022189
0.021099
0.020007
0.018913
0.017816
0.016717
0.015616
0.014513
0.013408
0.012301
0.011193
0.010084
0.008973
0.007861
0.006749
0.005635
0.004521
0.003406
0.002290
0.001175
0.000059
0.000000
0.000000
0.000000
0.000000
0.000000
0.000000
0.000000
0.000000
0.000000
0.000000
0.000000
0.000000
0.000000
0.000000
0.000000
0.000000
0.000000
0.000000
0.000000
0.000000
0.000000
0.000000
0.000000
0.000000
0.000000
0.000000
0.000000
0.000000
0.000000
0.000000
0.000000
0.000000
0.000000
0.000000
0.000000
0.000000
0.000000
0.000000
0.000000
0.000000
0.000000
0.000000
0.000000
0.000000
0.000000
0.000000
0.000000
0.000000
0.000000
0.000000
0.000000
0.000000
0.000000
0.000000
0.000000
0.000000
0.000000
0.000000
0.000000
0.000000
0.000000
0.000000
0.000000
0.000000
0.000000
0.000000
0.000000
0.000000
0.000000
0.000000
0.000000
0.000000
0.000000
0.000000
0.000000
0.000000
0.000000
0.000000
0.000000
0.000000
0.000000
0.000000
0.000000
0.000000
0.000000
0.000000
0.000000
0.000000
0.000000
0.000000
0.000000
0.000000
0.000000
0.000000
0.000000
0.000000
0.000000
0.000000
0.000000
0.000000
0.000000
0.000000
0.000000
0.000000
0.000000
0.000000
0.000000
0.000000
0.000000
0.000000
0.000000
0.000000
0.000000
0.000000
0.000000
0.000000
0.000000
0.000000
0.000000
0.000000
0.000000
0.000000
0.000000
0.000000
0.000000
0.000000
0.000000
0.000000
0.000000
0.000000
0.000000
0.000000
0.000000
0.000000
0.000000
0.000000
0.000000
0.000000
0.000000
0.000000
0.000000
0.000000
0.000000
0.000000
0.000000
0.000000
0.000000
0.000000
0.000000
0.000000
0.000000
0.000000
0.000000
0.000000
0.000000
0.000000
0.000000
0.000000
0.000000
0.000000
0.000000
0.000000
0.000000
0.000000
0.000000
0.000000
0.000000
0.000000
0.000000
0.000000
0.000000
0.000000
0.000000
0.000000
0.000000
0.000000
0.000000
0.000000
0.000000
0.000000
0.000000
0.000000
0.000000
0.000000
0.000000
0.000000
0.000000
0.000000
0.000000
0.000000
0.000000
0.000000
0.000000
0.000000
0.000000
0.000000
0.000000
0.000000
0.000000
0.000000
0.000000
0.000000
0.000000
0.000000
0.000000
0.000000
0.000000
0.000000
0.000000
0.000000
0.000000
0.000000
0.000000
0.000000
0.000000
0.000000
0.000000
0.000000
0.000000
0.000000
0.000000
0.000000
0.000000
0.000000
0.000000
0.000000
0.000000
0.000000
0.000000
0.000000
0.000000
0.000000
0.000000
0.000000
0.000000
0.000000
0.000000
0.000000
0.000000
0.000000
0.000000
0.000000
0.000000
0.000000
0.000000
0.000000
0.000000
0.000000
0.000000
0.000000
0.000000
0.000000
0.000000
0.000000
0.000000
0.000000
0.000000
0.000000
0.000000
0.000000
0.000000
0.000000
0.000000
0.000000
0.000000
0.000000
0.000000
0.000000
0.000000
0.000000
0.000000
0.000000
0.000000
0.000000
0.000000
0.000000
0.000000
0.000000
0.000000
0.000000
0.000000
0.000000
0.000000
0.000000
0.000000
0.000000
0.000000
0.001116
0.002232
0.003348
0.004463
0.005577
0.006691
0.007805
0.008917
0.010028
0.011138
0.012246
0.013353
0.014458
0.015562
0.016663
0.017762
0.018860
0.019954
0.021047
0.022137
0.023224
0.024308
0.025389
0.026467
0.027541
0.028612
0.029680
0.030744
0.031804
0.032860
0.033912
0.034960
0.036003
0.037042
0.038077
0.039106
0.040131
0.041151
0.042165
0.043175
0.044179
0.045177
0.046170
0.047157
0.048138
0.049114
0.050083
0.051046
0.052002
0.052952
0.053896
0.054832
0.055762
0.056685
0.057601
0.058510
0.059411
0.060305
0.061192
0.062071
0.062942
0.063805
0.064661
0.065508
0.066347
0.067178
0.068001
0.068815
0.069620
0.070417
0.071205
0.071984
0.072754
0.073516
0.074268
0.075010
0.075744
0.076468
0.077182
0.077887
0.078582
0.079267
0.079943
0.080608
0.081264
0.081909
0.082544
0.083169
0.083784
0.084388
0.084981
0.085564
0.086136
0.086698
0.087249
0.087789
0.088318
0.088836
0.089343
0.089838
0.090323
0.090796
0.091258
0.091709
0.092148
0.092576
0.092992
0.093397
0.093790
0.094171
0.094541
0.094899
0.095245
0.095579
0.095901
0.096211
0.096510
0.096796
0.097070
0.097332
0.097582
0.097820
0.098046
0.098259
0.098460
0.098649
0.098826
0.098990
0.099142
0.099282
0.099409
0.099524
0.099627
0.099717
0.099763
0.099763
0.099833
0.099891
0.099937
0.099971
0.099991
0.100000
0.099996
0.099979
0.099950
0.099909
0.099855
0.099789
0.099710
0.099619
0.099515
0.099399
0.099271
0.099130
0.098977
0.098812
0.098634
0.098444
0.098242
0.098028
0.097801
0.097562
0.097311
0.097048
0.096773
0.096486
0.096186
0.095875
0.095552
0.095217
0.094870
0.094511
0.094140
0.093758
0.093364
0.092959
0.092541
0.092113
0.091672
0.091221
0.090758
0.090284
0.089798
0.089301
0.088794
0.088275
0.087745
0.087204
0.086652
0.086090
0.085517
0.084933
0.084339
0.083734
0.083118
0.082493
0.081857
0.081210
0.080554
0.079888
0.079212
0.078525
0.077829
0.077124
0.076409
0.075684
0.074950
0.074206
0.073453
0.072692
0.071921
0.071141
0.070352
0.069554
0.068748
0.067933
0.067110
0.066279
0.065439
0.064591
0.063735
0.062871
0.061999
0.061120
0.060232
0.059338
0.058436
0.057526
0.056610
0.055686
0.054756
0.053819
0.052875
0.051924
0.050967
0.050004
0.049034
0.048058
0.047077
0.046089
0.045096
0.044097
0.043092
0.042083
0.041067
0.040047
0.039022
0.037992
0.036957
0.035918
0.034874
0.033826
0.032774
0.031717
0.030657
0.029593
0.028525
0.027453
0.026378
0.025300
0.024219
0.023135
0.022047
0.020957
0.019865
0.018770
0.017672
0.016573
0.015471
0.014368
0.013262
0.012155
0.011047
0.009937
0.008826
0.007713
0.006600
0.005486
0.004371
0.003256
0.002141
0.001025
0.000000
0.000000
0.000000
0.000000
0.000000
0.000000
0.000000
0.000000
0.000000
0.000000
0.000000
0.000000
0.000000
0.000000
0.000000
0.000000
0.000000
0.000000
0.000000
0.000000
0.000000
0.000000
0.000000
0.000000
0.000000
0.000000
0.000000
0.000000
0.000000
0.000000
0.000000
0.000000
0.000000
0.000000
0.000000
0.000000
0.000000
0.000000
0.000000
0.000000
0.000000
0.000000
0.000000
0.000000
0.000000
0.000000
0.000000
0.000000
0.000000
0.000000
0.000000
0.000000
0.000000
0.000000
0.000000
0.000000
0.000000
0.000000
0.000000
0.000000
0.000000
0.000000
0.000000
0.000000
0.000000
0.000000
0.000000
0.000000
0.000000
0.000000
0.000000
0.000000
0.000000
0.000000
0.000000
0.000000
0.000000
0.000000
0.000000
0.000000
0.000000
0.000000
0.000000
0.000000
0.000000
0.000000
0.000000
0.000000
0.000000
0.000000
0.000000
0.000000
0.000000
0.000000
0.000000
0.000000
0.000000
0.000000
0.000000
0.000000
0.000000
0.000000
0.000000
0.000000
0.000000
0.000000
0.000000
0.000000
0.000000
0.000000
0.000000
0.000000
0.000000
0.000000
0.000000
0.000000
0.000000
0.000000
0.000000
0.000000
0.000000
0.000000
0.000000
0.000000
0.000000
0.000000
0.000000
0.000000
0.000000
0.000000
0.000000
0.000000
0.000000
0.000000
0.000000
0.000000
0.000000
0.000000
0.000000
0.000000
0.000000
0.000000
0.000000
0.000000
0.000000
0.000000
0.000000
0.000000
0.000000
0.000000
0.000000
0.000000
0.000000
0.000000
0.000000
0.000000
0.000000
0.000000
0.000000
0.000000
0.000000
0.000000
0.000000
0.000000
0.000000
0.000000
0.000000
0.000000
0.000000
0.000000
0.000000
0.000000
0.000000
0.000000
0.000000
0.000000
0.000000
0.000000
0.000000
0.000000
0.000000
0.000000
0.000000
0.000000
0.000000
0.000000
0.000000
0.000000
0.000000
0.000000
0.000000
0.000000
0.000000
0.000000
0.000000
0.000000
0.000000
0.000000
0.000000
0.000000
0.000000
0.000000
0.000000
0.000000
0.000000
0.000000
0.000000
0.000000
0.000000
0.000000
0.000000
0.000000
0.000000
0.000000
0.000000
0.000000
0.000000
0.000000
0.000000
0.000000
0.000000
0.000000
0.000000
0.000000
0.000000
0.000000
0.000000
0.000000
0.000000
0.000000
0.000000
0.000000
0.000000
0.000000
0.000000
0.000000
0.000000
0.000000
0.000000
0.000000
0.000000
0.000000
0.000000
0.000000
0.000000
0.000000
0.000000
0.000000
0.000000
0.000000
0.000000
0.000000
0.000000
0.000000
0.000000
0.000000
0.000000
0.000000
0.000000
0.000000
0.000000
0.000000
0.000000
0.000000
0.000000
0.000000
0.000000
0.000000
0.000000
0.000000
0.000000
0.000000
0.000000
0.000000
0.000000
0.000000
0.000000
0.000000
0.000000
0.000000
0.000000
0.000000
0.000000
0.000000
0.000000
0.000000
0.001120
0.002240
0.003359
0.004479
0.005597
0.006715
0.007832
0.008948
0.010063
0.011177
0.012289
0.013400
0.014509
0.015616
0.016722
0.017825
0.018926
0.020024
0.021121
0.022214
0.023305
0.024392
0.025477
0.026558
0.027637
0.028711
0.029782
0.030850
0.031913
0.032973
0.034028
0.035079
0.036126
0.037168
0.038205
0.039238
0.040266
0.041288
0.042306
0.043318
0.044325
0.045326
0.046321
0.047311
0.048295
0.049273
0.050244
0.051209
0.052168
0.053120
0.054066
0.055005
0.055937
0.056862
0.057779
0.058690
0.059593
0.060489
0.061377
0.062257
0.063130
0.063994
0.064851
0.065700
0.066540
0.067372
0.068195
0.069010
0.069816
0.070614
0.071402
0.072182
0.072953
0.073714
0.074466
0.075209
0.075943
0.076667
0.077381
0.078086
0.078780
0.079465
0.080140
0.080805
0.081460
0.082104
0.082739
0.083362
0.083976
0.084579
0.085171
0.085752
0.086323
0.086883
0.087432
0.087970
0.088498
0.089014
0.089518
0.090012
0.090494
0.090965
0.091425
0.091873
0.092309
0.092734
0.093147
0.093549
0.093939
0.094317
0.094683
0.095038
0.095380
0.095711
0.096029
0.096336
0.096630
0.096912
0.097182
0.097440
0.097686
0.097919
0.098141
0.098349
0.098546
0.098730
0.098902
0.099061
0.099208
0.099342
0.099464
0.099574
0.099671
0.099756
0.099828
0.099887
0.099912
0.099912
0.099953
0.099981
0.099997
0.100000
0.099990
0.099968
0.099933
0.099886
0.099826
0.099754
0.099669
0.099572
0.099462
0.099340
0.099206
0.099058
0.098899
0.098727
0.098543
0.098346
0.098137
0.097915
0.097682
0.097436
0.097178
0.096907
0.096625
0.096330
0.096024
0.095705
0.095374
0.095032
0.094677
0.094311
0.093932
0.093542
0.093140
0.092727
0.092302
0.091865
0.091417
0.090957
0.090486
0.090003
0.089510
0.089005
0.088488
0.087961
0.087423
0.086874
0.086313
0.085742
0.085161
0.084568
0.083965
0.083352
0.082728
0.082093
0.081448
0.080794
0.080128
0.079453
0.078768
0.078073
0.077369
0.076654
0.075930
0.075196
0.074453
0.073701
0.072939
0.072169
0.071389
0.070600
0.069802
0.068996
0.068181
0.067357
0.066525
0.065685
0.064836
0.063979
0.063115
0.062242
0.061361
0.060473
0.059577
0.058674
0.057763
0.056846
0.055921
0.054988
0.054050
0.053104
0.052151
0.051193
0.050227
0.049256
0.048278
0.047294
0.046304
0.045308
0.044307
0.043300
0.042288
0.041270
0.040248
0.039220
0.038187
0.037149
0.036107
0.035061
0.034009
0.032954
0.031895
0.030831
0.029764
0.028692
0.027618
0.026540
0.025458
0.024373
0.023286
0.022195
0.021101
0.020005
0.018907
0.017806
0.016702
0.015597
0.014490
0.013381
0.012270
0.011158
0.010044
0.008929
0.007813
0.006696
0.005578
0.004459
0.003340
0.002220
0.001100
0.000000
0.000000
0.000000
0.000000
0.000000
0.000000
0.000000
0.000000
0.000000
0.000000
0.000000
0.000000
0.000000
0.000000
0.000000
0.000000
0.000000
0.000000
0.000000
0.000000
0.000000
0.000000
0.000000
0.000000
0.000000
0.000000
0.000000
0.000000
0.000000
0.000000
0.000000
0.000000
0.000000
0.000000
0.000000
0.000000
0.000000
0.000000
0.000000
0.000000
0.000000
0.000000
0.000000
0.000000
0.000000
0.000000
0.000000
0.000000
0.000000
0.000000
0.000000
0.000000
0.000000
0.000000
0.000000
0.000000
0.000000
0.000000
0.000000
0.000000
0.000000
0.000000
0.000000
0.000000
0.000000
0.000000
0.000000
0.000000
0.000000
0.000000
0.000000
0.000000
0.000000
0.000000
0.000000
0.000000
0.000000
0.000000
0.000000
0.000000
0.000000
0.000000
0.000000
0.000000
0.000000
0.000000
0.000000
0.000000
0.000000
0.000000
0.000000
0.000000
0.000000
0.000000
0.000000
0.000000
0.000000
0.000000
0.000000
0.000000
0.000000
0.000000
0.000000
0.000000
0.000000
0.000000
0.000000
0.000000
0.000000
0.000000
0.000000
0.000000
0.000000
0.000000
0.000000
0.000000
0.000000
0.000000
0.000000
0.000000
0.000000
0.000000
0.000000
0.000000
0.000000
0.000000
0.000000
0.000000
0.000000
0.000000
0.000000
0.000000
0.000000
0.000000
0.000000
0.000000
0.000000
0.000000
0.000000
0.000000
0.000000
0.000000
0.000000
0.000000
0.000000
0.000000
0.000000
0.000000
0.000000
0.000000
0.000000
0.000000
0.000000
0.000000
0.000000
0.000000
0.000000
0.000000
0.000000
0.000000
0.000000
0.000000
0.000000
0.000000
0.000000
0.000000
0.000000
0.000000
0.000000
0.000000
0.000000
0.000000
0.000000
0.000000
0.000000
0.000000
0.000000
0.000000
0.000000
0.000000
0.000000
0.000000
0.000000
0.000000
0.000000
0.000000
0.000000
0.000000
0.000000
0.000000
0.000000
0.000000
0.000000
0.000000
0.000000
0.000000
0.000000
0.000000
0.000000
0.000000
0.000000
0.000000
0.000000
0.000000
0.000000
0.000000
0.000000
0.000000
0.000000
0.000000
0.000000
0.000000
0.000000
0.000000
0.000000
0.000000
0.000000
0.000000
0.000000
0.000000
0.000000
0.000000
0.000000
0.000000
0.000000
0.000000
0.000000
0.000000
0.000000
0.000000
0.000000
0.000000
0.000000
0.000000
0.000000
0.000000
0.000000
0.000000
0.000000
0.000000
0.000000
0.000000
0.000000
0.000000
0.000000
0.000000
0.000000
0.000000
0.000000
0.000000
0.000000
0.000000
0.000000
0.000000
0.000000
0.000000
0.000000
0.000000
0.000000
0.000000
0.000000
0.000000
0.000000
0.000000
0.000000
0.000000
0.000000
0.000000
0.000000
0.000000
0.000000
0.000000
0.000000
0.000000
0.000000
0.000000
0.000000
0.000000
0.000000
0.000000
0.000000
0.000000
0.000000
0.000000
0.000000
0.001123
0.002246
0.003369
0.004492
0.005614
0.006735
0.007855
0.008974
0.010093
0.011210
0.012325
0.013439
0.014551
0.015662
0.016770
0.017876
0.018981
0.020082
0.021181
0.022278
0.023371
0.024462
0.025550
0.026634
0.027715
0.028793
0.029867
0.030937
0.032003
0.033065
0.034123
0.035177
0.036226
0.037271
0.038311
0.039346
0.040376
0.041401
0.042421
0.043436
0.044445
0.045448
0.046446
0.047438
0.048424
0.049404
0.050377
0.051344
0.052305
0.053259
0.054206
0.055147
0.056080
0.057007
0.057926
0.058838
0.059743
0.060640
0.061529
0.062411
0.063285
0.064150
0.065008
0.065857
0.066699
0.067531
0.068355
0.069171
0.069978
0.070776
0.071565
0.072345
0.073116
0.073878
0.074630
0.075373
0.076106
0.076830
0.077544
0.078249
0.078943
0.079628
0.080302
0.080967
0.081621
0.082265
0.082898
0.083521
0.084134
0.084735
0.085327
0.085907
0.086477
0.087035
0.087583
0.088119
0.088645
0.089159
0.089662
0.090154
0.090634
0.091103
0.091561
0.092007
0.092441
0.092863
0.093274
0.093673
0.094061
0.094436
0.094800
0.095151
0.095491
0.095818
0.096134
0.096437
0.096728
0.097007
0.097273
0.097528
0.097770
0.098000
0.098217
0.098422
0.098615
0.098795
0.098962
0.099117
0.099260
0.099390
0.099508
0.099613
0.099705
0.099785
0.099853
0.099907
0.099949
0.099965
0.099965
0.099988
0.099999
0.099997
0.099983
0.099956
0.099917
0.099865
0.099800
0.099723
0.099633
0.099530
0.099415
0.099288
0.099148
0.098995
0.098830
0.098652
0.098462
0.098260
0.098045
0.097818
0.097578
0.097326
0.097062
0.096786
0.096497
0.096196
0.095883
0.095558
0.095221
0.094872
0.094511
0.094138
0.093753
0.093356
0.092948
0.092528
0.092096
0.091652
0.091197
0.090731
0.090253
0.089763
0.089262
0.088750
0.088227
0.087693
0.087147
0.086591
0.086024
0.085446
0.084857
0.084257
0.083647
0.083026
0.082394
0.081753
0.081101
0.080438
0.079766
0.079083
0.078391
0.077689
0.076976
0.076254
0.075523
0.074782
0.074031
0.073272
0.072503
0.071724
0.070937
0.070141
0.069336
0.068522
0.067700
0.066869
0.066029
0.065181
0.064325
0.063461
0.062589
0.061709
0.060821
0.059926
0.059023
0.058112
0.057194
0.056269
0.055337
0.054398
0.053452
0.052499
0.051540
0.050574
0.049602
0.048624
0.047639
0.046648
0.045652
0.044649
0.043642
0.042628
0.041609
0.040585
0.039556
0.038522
0.037483
0.036439
0.035391
0.034338
0.033281
0.032219
0.031154
0.030085
0.029011
0.027935
0.026854
0.025771
0.024684
0.023594
0.022500
0.021405
0.020306
0.019205
0.018101
0.016995
0.015887
0.014777
0.013665
0.012552
0.011437
0.010320
0.009202
0.008083
0.006963
0.005842
0.004720
0.003598
0.002475
0.001352
0.000228
0.000000
0.000000
0.000000
0.000000
0.000000
0.000000
0.000000
0.000000
0.000000
0.000000
0.000000
0.000000
0.000000
0.000000
0.000000
0.000000
0.000000
0.000000
0.000000
0.000000
0.000000
0.000000
0.000000
0.000000
0.000000
0.000000
0.000000
0.000000
0.000000
0.000000
0.000000
0.000000
0.000000
0.000000
0.000000
0.000000
0.000000
0.000000
0.000000
0.000000
0.000000
0.000000
0.000000
0.000000
0.000000
0.000000
0.000000
0.000000
0.000000
0.000000
0.000000
0.000000
0.000000
0.000000
0.000000
0.000000
0.000000
0.000000
0.000000
0.000000
0.000000
0.000000
0.000000
0.000000
0.000000
0.000000
0.000000
0.000000
0.000000
0.000000
0.000000
0.000000
0.000000
0.000000
0.000000
0.000000
0.000000
0.000000
0.000000
0.000000
0.000000
0.000000
0.000000
0.000000
0.000000
0.000000
0.000000
0.000000
0.000000
0.000000
0.000000
0.000000
0.000000
0.000000
0.000000
0.000000
0.000000
0.000000
0.000000
0.000000
0.000000
0.000000
0.000000
0.000000
0.000000
0.000000
0.000000
0.000000
0.000000
0.000000
0.000000
0.000000
0.000000
0.000000
0.000000
0.000000
0.000000
0.000000
0.000000
0.000000
0.000000
0.000000
0.000000
0.000000
0.000000
0.000000
0.000000
0.000000
0.000000
0.000000
0.000000
0.000000
0.000000
0.000000
0.000000
0.000000
0.000000
0.000000
0.000000
0.000000
0.000000
0.000000
0.000000
0.000000
0.000000
0.000000
0.000000
0.000000
0.000000
0.000000
0.000000
0.000000
0.000000
0.000000
0.000000
0.000000
0.000000
0.000000
0.000000
0.000000
0.000000
0.000000
0.000000
0.000000
0.000000
0.000000
0.000000
0.000000
0.000000
0.000000
0.000000
0.000000
0.000000
0.000000
0.000000
0.000000
0.000000
0.000000
0.000000
0.000000
0.000000
0.000000
0.000000
0.000000
0.000000
0.000000
0.000000
0.000000
0.000000
0.000000
0.000000
0.000000
0.000000
0.000000
0.000000
0.000000
0.000000
0.000000
0.000000
0.000000
0.000000
0.000000
0.000000
0.000000
0.000000
0.000000
0.000000
0.000000
0.000000
0.000000
0.000000
0.000000
0.000000
0.000000
0.000000
0.000000
0.000000
0.000000
0.000000
0.000000
0.000000
0.000000
0.000000
0.000000
0.000000
0.000000
0.000000
0.000000
0.000000
0.000000
0.000000
0.000000
0.000000
0.000000
0.000000
0.000000
0.000000
0.000000
0.000000
0.000000
0.000000
0.000000
0.000000
0.000000
0.000000
0.000000
0.000000
0.000000
0.000000
0.000000
0.000000
0.000000
0.000000
0.000000
0.000000
0.000000
0.000000
0.000000
0.000000
0.000000
0.000000
0.000000
0.000000
0.000000
0.000000
0.000000
0.000000
0.000000
0.000000
0.000000
0.000000
0.000000
0.000000
0.000000
0.000000
0.000000
0.000000
0.000000
0.000000
0.000000
0.000000
0.000000
0.000000
0.000000
0.001125
0.002249
0.003373
0.004497
0.005620
0.006742
0.007864
0.008984
0.010104
0.011222
0.012339
0.013454
0.014567
0.015679
0.016789
0.017896
0.019001
0.020104
0.021205
0.022302
0.023397
0.024489
0.025578
0.026663
0.027745
0.028824
0.029899
0.030970
0.032037
0.033101
0.034160
0.035215
0.036265
0.037311
0.038351
0.039388
0.040419
0.041445
0.042466
0.043481
0.044491
0.045495
0.046494
0.047486
0.048473
0.049454
0.050428
0.051396
0.052357
0.053312
0.054260
0.055201
0.056135
0.057063
0.057982
0.058895
0.059800
0.060698
0.061587
0.062470
0.063344
0.064210
0.065068
0.065918
0.066759
0.067592
0.068417
0.069233
0.070040
0.070838
0.071627
0.072407
0.073178
0.073940
0.074693
0.075436
0.076169
0.076893
0.077607
0.078311
0.079006
0.079690
0.080364
0.081028
0.081682
0.082326
0.082959
0.083582
0.084194
0.084795
0.085386
0.085966
0.086535
0.087093
0.087640
0.088176
0.088701
0.089215
0.089717
0.090208
0.090688
0.091156
0.091613
0.092058
0.092491
0.092913
0.093323
0.093721
0.094107
0.094481
0.094844
0.095194
0.095533
0.095859
0.096173
0.096475
0.096765
0.097043
0.097308
0.097561
0.097802
0.098030
0.098246
0.098449
0.098640
0.098819
0.098985
0.099139
0.099280
0.099408
0.099524
0.099627
0.099718
0.099796
0.099862
0.099914
0.099955
0.099980
0.099980
0.099996
0.100000
0.099990
0.099968
0.099934
0.099887
0.099827
0.099754
0.099669
0.099572
0.099461
0.099339
0.099203
0.099055
0.098895
0.098722
0.098536
0.098338
0.098128
0.097905
0.097670
0.097422
0.097163
0.096890
0.096606
0.096309
0.096001
0.095680
0.095347
0.095002
0.094645
0.094276
0.093895
0.093502
0.093097
0.092681
0.092252
0.091813
0.091361
0.090898
0.090424
0.089938
0.089440
0.088932
0.088412
0.087881
0.087339
0.086786
0.086221
0.085646
0.085060
0.084464
0.083856
0.083238
0.082610
0.081971
0.081322
0.080662
0.079992
0.079312
0.078622
0.077923
0.077213
0.076493
0.075764
0.075025
0.074277
0.073520
0.072753
0.071976
0.071191
0.070397
0.069594
0.068782
0.067961
0.067132
0.066294
0.065448
0.064594
0.063731
0.062861
0.061982
0.061096
0.060202
0.059300
0.058391
0.057474
0.056550
0.055619
0.054681
0.053736
0.052784
0.051826
0.050861
0.049889
0.048912
0.047928
0.046938
0.045942
0.044940
0.043932
0.042919
0.041901
0.040877
0.039848
0.038815
0.037776
0.036732
0.035684
0.034631
0.033574
0.032513
0.031447
0.030378
0.029304
0.028227
0.027147
0.026063
0.024975
0.023885
0.022791
0.021695
0.020596
0.019494
0.018390
0.017283
0.016175
0.015064
0.013951
0.012837
0.011721
0.010603
0.009484
0.008364
0.007243
0.006121
0.004998
0.003875
0.002751
0.001626
0.000502
0.000000
0.000000
0.000000
0.000000
0.000000
0.000000
0.000000
0.000000
0.000000
0.000000
0.000000
0.000000
0.000000
0.000000
0.000000
0.000000
0.000000
0.000000
0.000000
0.000000
0.000000
0.000000
0.000000
0.000000
0.000000
0.000000
0.000000
0.000000
0.000000
0.000000
0.000000
0.000000
0.000000
0.000000
0.000000
0.000000
0.000000
0.000000
0.000000
0.000000
0.000000
0.000000
0.000000
0.000000
0.000000
0.000000
0.000000
0.000000
0.000000
0.000000
0.000000
0.000000
0.000000
0.000000
0.000000
0.000000
0.000000
0.000000
0.000000
0.000000
0.000000
0.000000
0.000000
0.000000
0.000000
0.000000
0.000000
0.000000
0.000000
0.000000
0.000000
0.000000
0.000000
0.000000
0.000000
0.000000
0.000000
0.000000
0.000000
0.000000
0.000000
0.000000
0.000000
0.000000
0.000000
0.000000
0.000000
0.000000
0.000000
0.000000
0.000000
0.000000
0.000000
0.000000
0.000000
0.000000
0.000000
0.000000
0.000000
0.000000
0.000000
0.000000
0.000000
0.000000
0.000000
0.000000
0.000000
0.000000
0.000000
0.000000
0.000000
0.000000
0.000000
0.000000
0.000000
0.000000
0.000000
0.000000
0.000000
0.000000
0.000000
0.000000
0.000000
0.000000
0.000000
0.000000
0.000000
0.000000
0.000000
0.000000
0.000000
0.000000
0.000000
0.000000
0.000000
0.000000
0.000000
0.000000
0.000000
0.000000
0.000000
0.000000
0.000000
0.000000
0.000000
0.000000
0.000000
0.000000
0.000000
0.000000
0.000000
0.000000
0.000000
0.000000
0.000000
0.000000
0.000000
0.000000
0.000000
0.000000
0.000000
0.000000
0.000000
0.000000
0.000000
0.000000
0.000000
0.000000
0.000000
0.000000
0.000000
0.000000
0.000000
0.000000
0.000000
0.000000
0.000000
0.000000
0.000000
0.000000
0.000000
0.000000
0.000000
0.000000
0.000000
0.000000
0.000000
0.000000
0.000000
0.000000
0.000000
0.000000
0.000000
0.000000
0.000000
0.000000
0.000000
0.000000
0.000000
0.000000
0.000000
0.000000
0.000000
0.000000
0.000000
0.000000
0.000000
0.000000
0.000000
0.000000
0.000000
0.000000
0.000000
0.000000
0.000000
0.000000
0.000000
0.000000
0.000000
0.000000
0.000000
0.000000
0.000000
0.000000
0.000000
0.000000
0.000000
0.000000
0.000000
0.000000
0.000000
0.000000
0.000000
0.000000
0.000000
0.000000
0.000000
0.000000
0.000000
0.000000
0.000000
0.000000
0.000000
0.000000
0.000000
0.000000
0.000000
0.000000
0.000000
0.000000
0.000000
0.000000
0.000000
0.000000
0.000000
0.000000
0.000000
0.000000
0.000000
0.000000
0.000000
0.000000
0.000000
0.000000
0.000000
0.000000
0.000000
0.000000
0.000000
0.000000
0.000000
0.000000
0.000000
0.000000
0.000000
0.000000
0.000000
0.000000
0.000000
0.000000
0.000000
0.000000
0.000000
0.000000
0.000000
0.001124
0.002248
0.003372
0.004495
0.005618
0.006740
0.007861
0.008981
0.010100
0.011218
0.012335
0.013449
0.014563
0.015674
0.016783
0.017890
0.018995
0.020098
0.021198
0.022295
0.023389
0.024481
0.025569
0.026654
0.027736
0.028815
0.029889
0.030960
0.032027
0.033090
0.034149
0.035203
0.036253
0.037299
0.038339
0.039375
0.040406
0.041432
0.042452
0.043467
0.044477
0.045481
0.046479
0.047472
0.048458
0.049439
0.050413
0.051380
0.052342
0.053296
0.054244
0.055185
0.056119
0.057046
0.057966
0.058878
0.059783
0.060680
0.061570
0.062452
0.063326
0.064192
0.065050
0.065900
0.066741
0.067574
0.068398
0.069214
0.070021
0.070819
0.071608
0.072389
0.073160
0.073921
0.074674
0.075417
0.076150
0.076874
0.077588
0.078293
0.078987
0.079671
0.080346
0.081010
0.081664
0.082308
0.082941
0.083564
0.084176
0.084777
0.085368
0.085948
0.086517
0.087076
0.087623
0.088159
0.088684
0.089198
0.089701
0.090192
0.090672
0.091140
0.091597
0.092042
0.092476
0.092898
0.093308
0.093707
0.094093
0.094468
0.094831
0.095181
0.095520
0.095847
0.096161
0.096464
0.096754
0.097032
0.097298
0.097551
0.097792
0.098021
0.098237
0.098441
0.098633
0.098812
0.098978
0.099132
0.099274
0.099403
0.099519
0.099623
0.099714
0.099793
0.099859
0.099912
0.099953
0.099981
0.099985
0.099985
0.099998
0.099999
0.099986
0.099961
0.099923
0.099873
0.099810
0.099735
0.099647
0.099546
0.099432
0.099307
0.099168
0.099017
0.098854
0.098678
0.098489
0.098288
0.098075
0.097849
0.097611
0.097361
0.097098
0.096823
0.096536
0.096237
0.095925
0.095601
0.095265
0.094918
0.094558
0.094186
0.093802
0.093407
0.092999
0.092580
0.092150
0.091707
0.091253
0.090788
0.090311
0.089822
0.089322
0.088811
0.088289
0.087755
0.087211
0.086655
0.086089
0.085511
0.084923
0.084324
0.083715
0.083094
0.082464
0.081823
0.081171
0.080509
0.079838
0.079156
0.078464
0.077762
0.077050
0.076329
0.075597
0.074857
0.074107
0.073347
0.072578
0.071800
0.071013
0.070217
0.069413
0.068599
0.067777
0.066946
0.066107
0.065259
0.064403
0.063539
0.062667
0.061787
0.060899
0.060003
0.059100
0.058190
0.057272
0.056347
0.055414
0.054475
0.053529
0.052576
0.051616
0.050650
0.049678
0.048699
0.047714
0.046723
0.045726
0.044724
0.043715
0.042702
0.041682
0.040658
0.039628
0.038594
0.037554
0.036510
0.035461
0.034408
0.033350
0.032288
0.031222
0.030152
0.029078
0.028001
0.026920
0.025835
0.024748
0.023657
0.022563
0.021467
0.020367
0.019266
0.018161
0.017055
0.015946
0.014835
0.013722
0.012608
0.011492
0.010374
0.009256
0.008136
0.007015
0.005893
0.004770
0.003647
0.002524
0.001400
0.000275
0.000000
0.000000
0.000000
0.000000
0.000000
0.000000
0.000000
0.000000
0.000000
0.000000
0.000000
0.000000
0.000000
0.000000
0.000000
0.000000
0.000000
0.000000
0.000000
0.000000
0.000000
0.000000
0.000000
0.000000
0.000000
0.000000
0.000000
0.000000
0.000000
0.000000
0.000000
0.000000
0.000000
0.000000
0.000000
0.000000
0.000000
0.000000
0.000000
0.000000
0.000000
0.000000
0.000000
0.000000
0.000000
0.000000
0.000000
0.000000
0.000000
0.000000
0.000000
0.000000
0.000000
0.000000
0.000000
0.000000
0.000000
0.000000
0.000000
0.000000
0.000000
0.000000
0.000000
0.000000
0.000000
0.000000
0.000000
0.000000
0.000000
0.000000
0.000000
0.000000
0.000000
0.000000
0.000000
0.000000
0.000000
0.000000
0.000000
0.000000
0.000000
0.000000
0.000000
0.000000
0.000000
0.000000
0.000000
0.000000
0.000000
0.000000
0.000000
0.000000
0.000000
0.000000
0.000000
0.000000
0.000000
0.000000
0.000000
0.000000
0.000000
0.000000
0.000000
0.000000
0.000000
0.000000
0.000000
0.000000
0.000000
0.000000
0.000000
0.000000
0.000000
0.000000
0.000000
0.000000
0.000000
0.000000
0.000000
0.000000
0.000000
0.000000
0.000000
0.000000
0.000000
0.000000
0.000000
0.000000
0.000000
0.000000
0.000000
0.000000
0.000000
0.000000
0.000000
0.000000
0.000000
0.000000
0.000000
0.000000
0.000000
0.000000
0.000000
0.000000
0.000000
0.000000
0.000000
0.000000
0.000000
0.000000
0.000000
0.000000
0.000000
0.000000
0.000000
0.000000
0.000000
0.000000
0.000000
0.000000
0.000000
0.000000
0.000000
0.000000
0.000000
0.000000
0.000000
0.000000
0.000000
0.000000
0.000000
0.000000
0.000000
0.000000
0.000000
0.000000
0.000000
0.000000
0.000000
0.000000
0.000000
0.000000
0.000000
0.000000
0.000000
0.000000
0.000000
0.000000
0.000000
0.000000
0.000000
0.000000
0.000000
0.000000
0.000000
0.000000
0.000000
0.000000
0.000000
0.000000
0.000000
0.000000
0.000000
0.000000
0.000000
0.000000
0.000000
0.000000
0.000000
0.000000
0.000000
0.000000
0.000000
0.000000
0.000000
0.000000
0.000000
0.000000
0.000000
0.000000
0.000000
0.000000
0.000000
0.000000
0.000000
0.000000
0.000000
0.000000
0.000000
0.000000
0.000000
0.000000
0.000000
0.000000
0.000000
0.000000
0.000000
0.000000
0.000000
0.000000
0.000000
0.000000
0.000000
0.000000
0.000000
0.000000
0.000000
0.000000
0.000000
0.000000
0.000000
0.000000
0.000000
0.000000
0.000000
0.000000
0.000000
0.000000
0.000000
0.000000
0.000000
0.000000
0.000000
0.000000
0.000000
0.000000
0.000000
0.000000
0.000000
0.000000
0.000000
0.000000
0.000000
0.000000
0.000000
0.000000
0.000000
0.000000
0.000000
0.000000
0.000000
0.000000
0.000000
0.000000
0.000000
0.001123
0.002246
0.003369
0.004491
0.005613
0.006734
0.007854
0.008973
0.010091
0.011208
0.012323
0.013437
0.014549
0.015659
0.016767
0.017873
0.018977
0.020079
0.021178
0.022274
0.023368
0.024458
0.025546
0.026630
0.027711
0.028788
0.029862
0.030932
0.031998
0.033060
0.034118
0.035171
0.036220
0.037265
0.038305
0.039340
0.040370
0.041395
0.042415
0.043429
0.044438
0.045441
0.046439
0.047431
0.048416
0.049396
0.050369
0.051337
0.052297
0.053251
0.054198
0.055139
0.056072
0.056999
0.057918
0.058830
0.059734
0.060631
0.061520
0.062402
0.063276
0.064141
0.064999
0.065848
0.066689
0.067522
0.068346
0.069162
0.069969
0.070767
0.071556
0.072336
0.073107
0.073868
0.074621
0.075364
0.076097
0.076821
0.077535
0.078240
0.078934
0.079619
0.080293
0.080957
0.081612
0.082256
0.082889
0.083512
0.084125
0.084727
0.085318
0.085898
0.086468
0.087027
0.087574
0.088111
0.088637
0.089151
0.089654
0.090146
0.090626
0.091095
0.091553
0.091999
0.092433
0.092856
0.093267
0.093666
0.094054
0.094429
0.094793
0.095145
0.095484
0.095812
0.096128
0.096431
0.096722
0.097001
0.097268
0.097523
0.097765
0.097995
0.098213
0.098418
0.098611
0.098791
0.098959
0.099114
0.099257
0.099388
0.099505
0.099611
0.099703
0.099784
0.099851
0.099906
0.099948
0.099978
0.099989
0.099989
0.099999
0.099997
0.099983
0.099955
0.099916
0.099863
0.099798
0.099721
0.099630
0.099528
0.099412
0.099285
0.099144
0.098991
0.098826
0.098648
0.098458
0.098255
0.098040
0.097813
0.097573
0.097321
0.097057
0.096780
0.096491
0.096190
0.095877
0.095552
0.095214
0.094865
0.094504
0.094131
0.093746
0.093349
0.092940
0.092520
0.092088
0.091644
0.091189
0.090722
0.090244
0.089755
0.089254
0.088742
0.088218
0.087684
0.087138
0.086582
0.086014
0.085436
0.084847
0.084247
0.083637
0.083016
0.082385
0.081743
0.081091
0.080429
0.079756
0.079074
0.078381
0.077679
0.076966
0.076245
0.075513
0.074772
0.074021
0.073262
0.072493
0.071714
0.070927
0.070131
0.069326
0.068512
0.067690
0.066859
0.066019
0.065172
0.064316
0.063452
0.062580
0.061700
0.060812
0.059917
0.059014
0.058103
0.057185
0.056260
0.055328
0.054389
0.053444
0.052491
0.051532
0.050566
0.049594
0.048615
0.047631
0.046640
0.045644
0.044642
0.043634
0.042621
0.041602
0.040578
0.039549
0.038515
0.037476
0.036432
0.035384
0.034332
0.033275
0.032213
0.031148
0.030079
0.029006
0.027929
0.026849
0.025766
0.024679
0.023589
0.022496
0.021400
0.020302
0.019201
0.018097
0.016992
0.015884
0.014774
0.013662
0.012549
0.011434
0.010317
0.009200
0.008081
0.006961
0.005840
0.004718
0.003596
0.002474
0.001351
0.000228
0.000000
0.000000
0.000000
0.000000
0.000000
0.000000
0.000000
0.000000
0.000000
0.000000
0.000000
0.000000
0.000000
0.000000
0.000000
0.000000
0.000000
0.000000
0.000000
0.000000
0.000000
0.000000
0.000000
0.000000
0.000000
0.000000
0.000000
0.000000
0.000000
0.000000
0.000000
0.000000
0.000000
0.000000
0.000000
0.000000
0.000000
0.000000
0.000000
0.000000
0.000000
0.000000
0.000000
0.000000
0.000000
0.000000
0.000000
0.000000
0.000000
0.000000
0.000000
0.000000
0.000000
0.000000
0.000000
0.000000
0.000000
0.000000
0.000000
0.000000
0.000000
0.000000
0.000000
0.000000
0.000000
0.000000
0.000000
0.000000
0.000000
0.000000
0.000000
0.000000
0.000000
0.000000
0.000000
0.000000
0.000000
0.000000
0.000000
0.000000
0.000000
0.000000
0.000000
0.000000
0.000000
0.000000
0.000000
0.000000
0.000000
0.000000
0.000000
0.000000
0.000000
0.000000
0.000000
0.000000
0.000000
0.000000
0.000000
0.000000
0.000000
0.000000
0.000000
0.000000
0.000000
0.000000
0.000000
0.000000
0.000000
0.000000
0.000000
0.000000
0.000000
0.000000
0.000000
0.000000
0.000000
0.000000
0.000000
0.000000
0.000000
0.000000
0.000000
0.000000
0.000000
0.000000
0.000000
0.000000
0.000000
0.000000
0.000000
0.000000
0.000000
0.000000
0.000000
0.000000
0.000000
0.000000
0.000000
0.000000
0.000000
0.000000
0.000000
0.000000
0.000000
0.000000
0.000000
0.000000
0.000000
0.000000
0.000000
0.000000
0.000000
0.000000
0.000000
0.000000
0.000000
0.000000
0.000000
0.000000
0.000000
0.000000
0.000000
0.000000
0.000000
0.000000
0.000000
0.000000
0.000000
0.000000
0.000000
0.000000
0.000000
0.000000
0.000000
0.000000
0.000000
0.000000
0.000000
0.000000
0.000000
0.000000
0.000000
0.000000
0.000000
0.000000
0.000000
0.000000
0.000000
0.000000
0.000000
0.000000
0.000000
0.000000
0.000000
0.000000
0.000000
0.000000
0.000000
0.000000
0.000000
0.000000
0.000000
0.000000
0.000000
0.000000
0.000000
0.000000
0.000000
0.000000
0.000000
0.000000
0.000000
0.000000
0.000000
0.000000
0.000000
0.000000
0.000000
0.000000
0.000000
0.000000
0.000000
0.000000
0.000000
0.000000
0.000000
0.000000
0.000000
0.000000
0.000000
0.000000
0.000000
0.000000
0.000000
0.000000
0.000000
0.000000
0.000000
0.000000
0.000000
0.000000
0.000000
0.000000
0.000000
0.000000
0.000000
0.000000
0.000000
0.000000
0.000000
0.000000
0.000000
0.000000
0.000000
0.000000
0.000000
0.000000
0.000000
0.000000
0.000000
0.000000
0.000000
0.000000
0.000000
0.000000
0.000000
0.000000
0.000000
0.000000
0.000000
0.000000
0.000000
0.000000
0.000000
0.000000
0.000000
0.000000
0.000000
0.000000
0.000000
0.000000
0.000000
0.000000
0.000000
0.001122
0.002244
0.003366
0.004487
0.005608
0.006728
0.007847
0.008965
0.010082
0.011198
0.012312
0.013425
0.014536
0.015645
0.016752
0.017857
0.018960
0.020061
0.021159
0.022254
0.023347
0.024436
0.025523
0.026606
0.027686
0.028763
0.029836
0.030905
0.031970
0.033031
0.034088
0.035141
0.036189
0.037233
0.038272
0.039306
0.040335
0.041360
0.042379
0.043392
0.044401
0.045403
0.046400
0.047391
0.048376
0.049355
0.050328
0.051295
0.052254
0.053208
0.054155
0.055095
0.056027
0.056953
0.057872
0.058784
0.059688
0.060584
0.061473
0.062354
0.063227
0.064093
0.064950
0.065799
0.066640
0.067472
0.068296
0.069112
0.069918
0.070716
0.071505
0.072285
0.073056
0.073817
0.074570
0.075313
0.076046
0.076770
0.077484
0.078189
0.078883
0.079568
0.080243
0.080907
0.081562
0.082206
0.082839
0.083463
0.084076
0.084678
0.085269
0.085850
0.086420
0.086979
0.087527
0.088065
0.088591
0.089106
0.089609
0.090102
0.090583
0.091052
0.091511
0.091957
0.092392
0.092816
0.093228
0.093628
0.094016
0.094392
0.094757
0.095109
0.095450
0.095779
0.096095
0.096400
0.096692
0.096972
0.097240
0.097496
0.097739
0.097970
0.098189
0.098395
0.098589
0.098771
0.098940
0.099097
0.099241
0.099373
0.099492
0.099599
0.099693
0.099774
0.099844
0.099900
0.099944
0.099975
0.099992
0.099992
0.100000
0.099995
0.099978
0.099948
0.099906
0.099851
0.099783
0.099703
0.099611
0.099506
0.099388
0.099258
0.099115
0.098960
0.098792
0.098612
0.098419
0.098215
0.097997
0.097768
0.097526
0.097272
0.097005
0.096726
0.096436
0.096133
0.095818
0.095490
0.095151
0.094800
0.094437
0.094062
0.093675
0.093277
0.092866
0.092444
0.092010
0.091565
0.091108
0.090640
0.090160
0.089669
0.089167
0.088653
0.088129
0.087593
0.087046
0.086488
0.085919
0.085340
0.084750
0.084149
0.083537
0.082915
0.082283
0.081640
0.080987
0.080323
0.079650
0.078966
0.078273
0.077570
0.076857
0.076134
0.075402
0.074660
0.073909
0.073148
0.072378
0.071600
0.070812
0.070015
0.069209
0.068395
0.067572
0.066741
0.065901
0.065053
0.064197
0.063332
0.062460
0.061580
0.060692
0.059796
0.058893
0.057982
0.057065
0.056139
0.055207
0.054268
0.053322
0.052370
0.051411
0.050445
0.049473
0.048495
0.047510
0.046520
0.045524
0.044522
0.043514
0.042501
0.041483
0.040459
0.039431
0.038397
0.037358
0.036315
0.035267
0.034215
0.033159
0.032098
0.031033
0.029965
0.028892
0.027816
0.026737
0.025654
0.024568
0.023478
0.022386
0.021291
0.020193
0.019093
0.017991
0.016886
0.015779
0.014670
0.013559
0.012446
0.011332
0.010216
0.009100
0.007982
0.006863
0.005743
0.004622
0.003501
0.002379
0.001257
0.000135
0.000000
0.000000
0.000000
0.000000
0.000000
0.000000
0.000000
0.000000
0.000000
0.000000
0.000000
0.000000
0.000000
0.000000
0.000000
0.000000
0.000000
0.000000
0.000000
0.000000
0.000000
0.000000
0.000000
0.000000
0.000000
0.000000
0.000000
0.000000
0.000000
0.000000
0.000000
0.000000
0.000000
0.000000
0.000000
0.000000
0.000000
0.000000
0.000000
0.000000
0.000000
0.000000
0.000000
0.000000
0.000000
0.000000
0.000000
0.000000
0.000000
0.000000
0.000000
0.000000
0.000000
0.000000
0.000000
0.000000
0.000000
0.000000
0.000000
0.000000
0.000000
0.000000
0.000000
0.000000
0.000000
0.000000
0.000000
0.000000
0.000000
0.000000
0.000000
0.000000
0.000000
0.000000
0.000000
0.000000
0.000000
0.000000
0.000000
0.000000
0.000000
0.000000
0.000000
0.000000
0.000000
0.000000
0.000000
0.000000
0.000000
0.000000
0.000000
0.000000
0.000000
0.000000
0.000000
0.000000
0.000000
0.000000
0.000000
0.000000
0.000000
0.000000
0.000000
0.000000
0.000000
0.000000
0.000000
0.000000
0.000000
0.000000
0.000000
0.000000
0.000000
0.000000
0.000000
0.000000
0.000000
0.000000
0.000000
0.000000
0.000000
0.000000
0.000000
0.000000
0.000000
0.000000
0.000000
0.000000
0.000000
0.000000
0.000000
0.000000
0.000000
0.000000
0.000000
0.000000
0.000000
0.000000
0.000000
0.000000
0.000000
0.000000
0.000000
0.000000
0.000000
0.000000
0.000000
0.000000
0.000000
0.000000
0.000000
0.000000
0.000000
0.000000
0.000000
0.000000
0.000000
0.000000
0.000000
0.000000
0.000000
0.000000
0.000000
0.000000
0.000000
0.000000
0.000000
0.000000
0.000000
0.000000
0.000000
0.000000
0.000000
0.000000
0.000000
0.000000
0.000000
0.000000
0.000000
0.000000
0.000000
0.000000
0.000000
0.000000
0.000000
0.000000
0.000000
0.000000
0.000000
0.000000
0.000000
0.000000
0.000000
0.000000
0.000000
0.000000
0.000000
0.000000
0.000000
0.000000
0.000000
0.000000
0.000000
0.000000
0.000000
0.000000
0.000000
0.000000
0.000000
0.000000
0.000000
0.000000
0.000000
0.000000
0.000000
0.000000
0.000000
0.000000
0.000000
0.000000
0.000000
0.000000
0.000000
0.000000
0.000000
0.000000
0.000000
0.000000
0.000000
0.000000
0.000000
0.000000
0.000000
0.000000
0.000000
0.000000
0.000000
0.000000
0.000000
0.000000
0.000000
0.000000
0.000000
0.000000
0.000000
0.000000
0.000000
0.000000
0.000000
0.000000
0.000000
0.000000
0.000000
0.000000
0.000000
0.000000
0.000000
0.000000
0.000000
0.000000
0.000000
0.000000
0.000000
0.000000
0.000000
0.000000
0.000000
0.000000
0.000000
0.000000
0.000000
0.000000
0.000000
0.000000
0.000000
0.000000
0.000000
0.000000
0.000000
0.000000
0.000000
0.000000
0.000000
0.000000
0.000000
0.000000
0.001121
0.002243
0.003364
0.004484
0.005604
0.006724
0.007842
0.008960
0.010076
0.011191
0.012305
0.013417
0.014528
0.015636
0.016743
0.017848
0.018950
0.020050
0.021147
0.022242
0.023334
0.024423
0.025509
0.026592
0.027671
0.028747
0.029819
0.030888
0.031953
0.033013
0.034070
0.035122
0.036170
0.037213
0.038252
0.039285
0.040314
0.041338
0.042357
0.043370
0.044378
0.045380
0.046376
0.047367
0.048352
0.049330
0.050303
0.051269
0.052228
0.053181
0.054128
0.055067
0.056000
0.056926
0.057844
0.058755
0.059659
0.060555
0.061444
0.062325
0.063198
0.064063
0.064920
0.065769
0.066610
0.067442
0.068266
0.069081
0.069888
0.070685
0.071474
0.072254
0.073025
0.073786
0.074539
0.075281
0.076015
0.076739
0.077453
0.078158
0.078852
0.079537
0.080212
0.080876
0.081531
0.082175
0.082809
0.083432
0.084045
0.084648
0.085240
0.085821
0.086391
0.086950
0.087499
0.088036
0.088563
0.089078
0.089582
0.090075
0.090556
0.091026
0.091485
0.091932
0.092367
0.092791
0.093203
0.093604
0.093993
0.094370
0.094735
0.095088
0.095429
0.095758
0.096075
0.096380
0.096673
0.096954
0.097223
0.097479
0.097723
0.097955
0.098174
0.098382
0.098576
0.098759
0.098929
0.099086
0.099231
0.099364
0.099484
0.099591
0.099686
0.099769
0.099839
0.099896
0.099941
0.099973
0.099993
0.099995
0.099995
0.100000
0.099992
0.099972
0.099939
0.099894
0.099836
0.099765
0.099682
0.099587
0.099478
0.099358
0.099225
0.099079
0.098921
0.098750
0.098568
0.098372
0.098164
0.097944
0.097712
0.097467
0.097210
0.096941
0.096660
0.096366
0.096061
0.095743
0.095413
0.095072
0.094718
0.094352
0.093975
0.093586
0.093184
0.092772
0.092347
0.091911
0.091464
0.091004
0.090534
0.090052
0.089559
0.089054
0.088538
0.088011
0.087473
0.086924
0.086365
0.085794
0.085212
0.084620
0.084017
0.083404
0.082780
0.082145
0.081500
0.080846
0.080180
0.079505
0.078820
0.078125
0.077420
0.076705
0.075981
0.075247
0.074504
0.073751
0.072989
0.072218
0.071437
0.070648
0.069850
0.069043
0.068228
0.067403
0.066571
0.065730
0.064880
0.064023
0.063157
0.062284
0.061403
0.060514
0.059617
0.058713
0.057801
0.056883
0.055957
0.055024
0.054084
0.053137
0.052184
0.051224
0.050257
0.049285
0.048306
0.047321
0.046330
0.045333
0.044331
0.043323
0.042309
0.041290
0.040266
0.039237
0.038203
0.037165
0.036121
0.035073
0.034021
0.032964
0.031903
0.030838
0.029770
0.028697
0.027621
0.026541
0.025458
0.024372
0.023283
0.022191
0.021096
0.019999
0.018899
0.017796
0.016691
0.015585
0.014476
0.013365
0.012253
0.011139
0.010024
0.008908
0.007790
0.006672
0.005552
0.004432
0.003312
0.002190
0.001069
0.000000
0.000000
0.000000
0.000000
0.000000
0.000000
0.000000
0.000000
0.000000
0.000000
0.000000
0.000000
0.000000
0.000000
0.000000
0.000000
0.000000
0.000000
0.000000
0.000000
0.000000
0.000000
0.000000
0.000000
0.000000
0.000000
0.000000
0.000000
0.000000
0.000000
0.000000
0.000000
0.000000
0.000000
0.000000
0.000000
0.000000
0.000000
0.000000
0.000000
0.000000
0.000000
0.000000
0.000000
0.000000
0.000000
0.000000
0.000000
0.000000
0.000000
0.000000
0.000000
0.000000
0.000000
0.000000
0.000000
0.000000
0.000000
0.000000
0.000000
0.000000
0.000000
0.000000
0.000000
0.000000
0.000000
0.000000
0.000000
0.000000
0.000000
0.000000
0.000000
0.000000
0.000000
0.000000
0.000000
0.000000
0.000000
0.000000
0.000000
0.000000
0.000000
0.000000
0.000000
0.000000
0.000000
0.000000
0.000000
0.000000
0.000000
0.000000
0.000000
0.000000
0.000000
0.000000
0.000000
0.000000
0.000000
0.000000
0.000000
0.000000
0.000000
0.000000
0.000000
0.000000
0.000000
0.000000
0.000000
0.000000
0.000000
0.000000
0.000000
0.000000
0.000000
0.000000
0.000000
0.000000
0.000000
0.000000
0.000000
0.000000
0.000000
0.000000
0.000000
0.000000
0.000000
0.000000
0.000000
0.000000
0.000000
0.000000
0.000000
0.000000
0.000000
0.000000
0.000000
0.000000
0.000000
0.000000
0.000000
0.000000
0.000000
0.000000
0.000000
0.000000
0.000000
0.000000
0.000000
0.000000
0.000000
0.000000
0.000000
0.000000
0.000000
0.000000
0.000000
0.000000
0.000000
0.000000
0.000000
0.000000
0.000000
0.000000
0.000000
0.000000
0.000000
0.000000
0.000000
0.000000
0.000000
0.000000
0.000000
0.000000
0.000000
0.000000
0.000000
0.000000
0.000000
0.000000
0.000000
0.000000
0.000000
0.000000
0.000000
0.000000
0.000000
0.000000
0.000000
0.000000
0.000000
0.000000
0.000000
0.000000
0.000000
0.000000
0.000000
0.000000
0.000000
0.000000
0.000000
0.000000
0.000000
0.000000
0.000000
0.000000
0.000000
0.000000
0.000000
0.000000
0.000000
0.000000
0.000000
0.000000
0.000000
0.000000
0.000000
0.000000
0.000000
0.000000
0.000000
0.000000
0.000000
0.000000
0.000000
0.000000
0.000000
0.000000
0.000000
0.000000
0.000000
0.000000
0.000000
0.000000
0.000000
0.000000
0.000000
0.000000
0.000000
0.000000
0.000000
0.000000
0.000000
0.000000
0.000000
0.000000
0.000000
0.000000
0.000000
0.000000
0.000000
0.000000
0.000000
0.000000
0.000000
0.000000
0.000000
0.000000
0.000000
0.000000
0.000000
0.000000
0.000000
0.000000
0.000000
0.000000
0.000000
0.000000
0.000000
0.000000
0.000000
0.000000
0.000000
0.000000
0.000000
0.000000
0.000000
0.000000
0.000000
0.000000
0.000000
0.000000
0.000000
0.000000
0.000000
