0.000000
0.002267
0.004533
0.006797
0.009058
0.011313
0.013563
0.015806
0.018041
0.020266
0.022481
0.024685
0.026875
0.029052
0.031215
0.033360
0.035489
0.037301
0.037301
0.039395
0.041469
0.043521
0.045551
0.047558
0.049540
0.051497
0.053427
0.055330
0.057205
0.059050
0.060864
0.062648
0.064399
0.066117
0.067801
0.069450
0.071063
0.072640
0.074180
0.075681
0.077144
0.078567
0.079949
0.081291
0.082590
0.083847
0.085061
0.086231
0.087357
0.088438
0.089474
0.090464
0.091407
0.092303
0.093151
0.093952
0.094704
0.095408
0.096063
0.096668
0.097223
0.097729
0.098184
0.098589
0.098943
0.099247
0.099499
0.099700
0.099850
0.099948
0.099996
0.099991
0.099936
0.099828
0.099670
0.099460
0.099200
0.098888
0.098525
0.098112
0.097648
0.097134
0.096570
0.095957
0.095294
0.094582
0.093822
0.093013
0.092157
0.091253
0.090302
0.089305
0.088261
0.087173
0.086039
0.084862
0.083641
0.082376
0.081070
0.079722
0.078332
0.076903
0.075434
0.073926
0.072380
0.070797
0.069177
0.067522
0.065833
0.064109
0.062353
0.060564
0.058744
0.056894
0.055015
0.053108
0.051173
0.049212
0.047225
0.045215
0.043181
0.041124
0.039047
0.036950
0.034833
0.032699
0.030548
0.028381
0.026200
0.024005
0.021798
0.019580
0.017351
0.015114
0.012869
0.010617
0.008360
0.006098
0.003833
0.001567
0.000000
0.000000
0.000000
0.000000
0.000000
0.000000
0.000000
0.000000
0.000000
0.000000
0.000000
0.000000
0.000000
0.000000
0.000000
0.000000
0.000000
0.000000
0.000000
0.000000
0.000000
0.000000
0.000000
0.000000
0.000000
0.000000
0.000000
0.000000
0.000000
0.000000
0.000000
0.000000
0.000000
0.000000
0.000000
0.000000
0.000000
0.000000
0.000000
0.000000
0.000000
0.000000
0.000000
0.000000
0.000000
0.000000
0.000000
0.000000
0.000000
0.000000
0.000000
0.000000
0.000000
0.000000
0.000000
0.000000
0.000000
0.000000
0.000000
0.000000
0.000000
0.000000
0.000000
0.000000
0.000000
0.000000
0.000000
0.000000
0.000000
0.000000
0.000000
0.000000
0.000000
0.000000
0.000000
0.000000
0.000000
0.000000
0.000000
0.000000
0.000000
0.000000
0.000000
0.000000
0.000000
0.000000
0.000000
0.000000
0.000000
0.000000
0.000000
0.000000
0.000000
0.000000
0.000000
0.000000
0.000000
0.000000
0.000000
0.000000
0.000000
0.000000
0.000000
0.000000
0.000000
0.000000
0.000000
0.000000
0.000000
0.000000
0.000000
0.000000
0.000000
0.000000
0.000000
0.000000
0.000000
0.000000
0.000000
0.000000
0.000000
0.000000
0.000000
0.000000
0.000000
0.000000
0.000000
0.000000
0.000000
0.000000
0.000000
0.000000
0.000000
0.000000
0.000000
0.000000
0.000000
0.000000
0.000000
0.000000
0.000000
0.000000
0.000000
0.000000
0.000000
0.000000
0.000000
0.000000
0.000000
0.000000
0.000000
0.000000
0.000000
0.000000
0.000000
0.000000
0.000000
0.000000
0.000000
0.000000
0.000000
0.000000
0.000000
0.000000
0.000000
0.000000
0.000000
0.000000
0.000000
0.000000
0.000000
0.000000
0.000000
0.000000
0.000000
0.000000
0.000000
0.000000
0.000000
0.000000
0.000000
0.000000
0.000000
0.000000
0.000000
0.000000
0.000000
0.000000
0.000000
0.000000
0.000000
0.000000
0.000000
0.000000
0.000000
0.000000
0.000000
0.000000
0.000000
0.000000
0.000000
0.000000
0.000000
0.000000
0.000000
0.000000
0.000000
0.000000
0.000000
0.000000
0.000000
0.000000
0.000000
0.000000
0.000000
0.000000
0.000000
0.000000
0.000000
0.000000
0.000000
0.000000
0.000000
0.000000
0.000000
0.000000
0.000000
0.000000
0.000000
0.000000
0.000000
0.000000
0.000000
0.000000
0.000000
0.000000
0.000000
0.000000
0.000000
0.000000
0.000000
0.000000
0.000000
0.000000
0.000000
0.000000
0.000000
0.000000
0.000000
0.000000
0.000000
0.000000
0.000000
0.000000
0.000000
0.000000
0.000000
0.000000
0.000000
0.000000
0.000000
0.000000
0.000000
0.000000
0.000000
0.001199
0.002397
0.003596
0.004793
0.005990
0.007187
0.008382
0.009576
0.010768
0.011959
0.013149
0.014336
0.015522
0.016705
0.017885
0.019064
0.020239
0.021411
0.022581
0.023747
0.024910
0.026069
0.027225
0.028376
0.029524
0.030667
0.031806
0.032940
0.034069
0.035194
0.036314
0.037428
0.038537
0.039640
0.040738
0.041830
0.042916
0.043995
0.045069
0.046136
0.047196
0.048249
0.049296
0.050335
0.051368
0.052392
0.053410
0.054419
0.055421
0.056415
0.057401
0.058378
0.059347
0.060308
0.061260
0.062203
0.063137
0.064062
0.064978
0.065885
0.066782
0.067669
0.068547
0.069415
0.070273
0.071121
0.071958
0.072786
0.073602
0.074409
0.075204
0.075989
0.076763
0.077526
0.078277
0.079018
0.079747
0.080464
0.081170
0.081864
0.082547
0.083218
0.083877
0.084523
0.085158
0.085780
0.086390
0.086988
0.087573
0.088145
0.088705
0.089252
0.089786
0.090308
0.090816
0.091311
0.091794
0.092263
0.092718
0.093161
0.093590
0.094005
0.094407
0.094796
0.095171
0.095532
0.095879
0.096213
0.096533
0.096839
0.097131
0.097409
0.097673
0.097923
0.098159
0.098381
0.098459
0.098459
0.098662
0.098850
0.099024
0.099184
0.099330
0.099461
0.099578
0.099681
0.099770
0.099844
0.099904
0.099949
0.099980
0.099997
0.099999
0.099987
0.099961
0.099920
0.099865
0.099795
0.099711
0.099613
0.099501
0.099374
0.099233
0.099078
0.098908
0.098724
0.098526
0.098314
0.098088
0.097848
0.097593
0.097325
0.097042
0.096746
0.096436
0.096112
0.095774
0.095422
0.095057
0.094677
0.094285
0.093879
0.093459
0.093026
0.092579
0.092119
0.091646
0.091160
0.090661
0.090148
0.089623
0.089085
0.088534
0.087970
0.087394
0.086805
0.086203
0.085589
0.084963
0.084325
0.083675
0.083012
0.082338
0.081652
0.080954
0.080244
0.079523
0.078790
0.078046
0.077291
0.076525
0.075748
0.074960
0.074161
0.073352
0.072532
0.071701
0.070860
0.070009
0.069148
0.068277
0.067397
0.066506
0.065606
0.064697
0.063778
0.062850
0.061913
0.060967
0.060013
0.059049
0.058078
0.057098
0.056109
0.055113
0.054109
0.053097
0.052077
0.051050
0.050016
0.048974
0.047925
0.046870
0.045807
0.044738
0.043663
0.042581
0.041494
0.040400
0.039300
0.038195
0.037085
0.035969
0.034848
0.033721
0.032590
0.031455
0.030315
0.029170
0.028021
0.026869
0.025712
0.024552
0.023388
0.022221
0.021050
0.019877
0.018700
0.017521
0.016340
0.015156
0.013970
0.012782
0.011592
0.010401
0.009208
0.008013
0.006818
0.005621
0.004424
0.003226
0.002028
0.000829
0.000000
0.000000
0.000000
0.000000
0.000000
0.000000
0.000000
0.000000
0.000000
0.000000
0.000000
0.000000
0.000000
0.000000
0.000000
0.000000
0.000000
0.000000
0.000000
0.000000
0.000000
0.000000
0.000000
0.000000
0.000000
0.000000
0.000000
0.000000
0.000000
0.000000
0.000000
0.000000
0.000000
0.000000
0.000000
0.000000
0.000000
0.000000
0.000000
0.000000
0.000000
0.000000
0.000000
0.000000
0.000000
0.000000
0.000000
0.000000
0.000000
0.000000
0.000000
0.000000
0.000000
0.000000
0.000000
0.000000
0.000000
0.000000
0.000000
0.000000
0.000000
0.000000
0.000000
0.000000
0.000000
0.000000
0.000000
0.000000
0.000000
0.000000
0.000000
0.000000
0.000000
0.000000
0.000000
0.000000
0.000000
0.000000
0.000000
0.000000
0.000000
0.000000
0.000000
0.000000
0.000000
0.000000
0.000000
0.000000
0.000000
0.000000
0.000000
0.000000
0.000000
0.000000
0.000000
0.000000
0.000000
0.000000
0.000000
0.000000
0.000000
0.000000
0.000000
0.000000
0.000000
0.000000
0.000000
0.000000
0.000000
0.000000
0.000000
0.000000
0.000000
0.000000
0.000000
0.000000
0.000000
0.000000
0.000000
0.000000
0.000000
0.000000
0.000000
0.000000
0.000000
0.000000
0.000000
0.000000
0.000000
0.000000
0.000000
0.000000
0.000000
0.000000
0.000000
0.000000
0.000000
0.000000
0.000000
0.000000
0.000000
0.000000
0.000000
0.000000
0.000000
0.000000
0.000000
0.000000
0.000000
0.000000
0.000000
0.000000
0.000000
0.000000
0.000000
0.000000
0.000000
0.000000
0.000000
0.000000
0.000000
0.000000
0.000000
0.000000
0.000000
0.000000
0.000000
0.000000
0.000000
0.000000
0.000000
0.000000
0.000000
0.000000
0.000000
0.000000
0.000000
0.000000
0.000000
0.000000
0.000000
0.000000
0.000000
0.000000
0.000000
0.000000
0.000000
0.000000
0.000000
0.000000
0.000000
0.000000
0.000000
0.000000
0.000000
0.000000
0.000000
0.000000
0.000000
0.000000
0.000000
0.000000
0.000000
0.000000
0.000000
0.000000
0.000000
0.000000
0.000000
0.000000
0.000000
0.000000
0.000000
0.000000
0.000000
0.000000
0.000000
0.000000
0.000000
0.000000
0.000000
0.000000
0.000000
0.000000
0.000000
0.000000
0.000000
0.000000
0.000000
0.000000
0.000000
0.000000
0.000000
0.000000
0.000000
0.000000
0.000000
0.000000
0.000000
0.000000
0.000000
0.000000
0.000000
0.000000
0.000000
0.000000
0.000000
0.000000
0.000000
0.000000
0.000000
0.000000
0.000000
0.000000
0.000000
0.000000
0.000000
0.000000
0.000000
0.000000
0.000000
0.000000
0.000000
0.000000
0.000000
0.000000
0.000000
0.000000
0.000000
0.000000
0.000000
0.001183
0.002365
0.003547
0.004729
0.005910
0.007090
0.008269
0.009447
0.010624
0.011799
0.012972
0.014144
0.015314
0.016481
0.017647
0.018809
0.019970
0.021127
0.022281
0.023433
0.024581
0.025725
0.026866
0.028004
0.029137
0.030266
0.031391
0.032512
0.033628
0.034739
0.035846
0.036947
0.038044
0.039135
0.040220
0.041300
0.042374
0.043443
0.044505
0.045561
0.046610
0.047653
0.048690
0.049719
0.050742
0.051757
0.052765
0.053766
0.054760
0.055745
0.056723
0.057693
0.058655
0.059609
0.060554
0.061491
0.062420
0.063339
0.064250
0.065152
0.066044
0.066927
0.067802
0.068666
0.069521
0.070366
0.071202
0.072027
0.072842
0.073647
0.074442
0.075227
0.076001
0.076764
0.077516
0.078258
0.078989
0.079709
0.080417
0.081114
0.081800
0.082475
0.083138
0.083789
0.084429
0.085057
0.085673
0.086277
0.086869
0.087448
0.088016
0.088571
0.089114
0.089644
0.090162
0.090667
0.091160
0.091640
0.092107
0.092561
0.093002
0.093430
0.093845
0.094247
0.094636
0.095011
0.095373
0.095722
0.096058
0.096380
0.096688
0.096983
0.097265
0.097533
0.097787
0.098028
0.098133
0.098133
0.098354
0.098560
0.098753
0.098933
0.099098
0.099250
0.099387
0.099511
0.099621
0.099717
0.099799
0.099867
0.099921
0.099961
0.099987
0.099999
0.099997
0.099981
0.099951
0.099908
0.099850
0.099778
0.099692
0.099593
0.099479
0.099352
0.099210
0.099055
0.098886
0.098703
0.098506
0.098295
0.098071
0.097833
0.097581
0.097316
0.097037
0.096745
0.096439
0.096119
0.095786
0.095440
0.095080
0.094707
0.094321
0.093921
0.093509
0.093083
0.092644
0.092192
0.091728
0.091251
0.090760
0.090258
0.089742
0.089214
0.088674
0.088121
0.087555
0.086978
0.086388
0.085787
0.085173
0.084547
0.083910
0.083261
0.082600
0.081928
0.081244
0.080549
0.079842
0.079124
0.078396
0.077656
0.076906
0.076144
0.075372
0.074590
0.073797
0.072994
0.072180
0.071357
0.070523
0.069680
0.068827
0.067964
0.067092
0.066210
0.065319
0.064419
0.063510
0.062592
0.061666
0.060730
0.059787
0.058834
0.057874
0.056906
0.055929
0.054945
0.053953
0.052953
0.051946
0.050932
0.049911
0.048883
0.047848
0.046806
0.045758
0.044703
0.043642
0.042575
0.041502
0.040423
0.039338
0.038248
0.037153
0.036052
0.034947
0.033836
0.032721
0.031601
0.030477
0.029349
0.028216
0.027080
0.025939
0.024795
0.023648
0.022497
0.021343
0.020186
0.019027
0.017864
0.016700
0.015532
0.014363
0.013192
0.012019
0.010844
0.009667
0.008490
0.007311
0.006131
0.004950
0.003768
0.002586
0.001404
0.000221
0.000000
0.000000
0.000000
0.000000
0.000000
0.000000
0.000000
0.000000
0.000000
0.000000
0.000000
0.000000
0.000000
0.000000
0.000000
0.000000
0.000000
0.000000
0.000000
0.000000
0.000000
0.000000
0.000000
0.000000
0.000000
0.000000
0.000000
0.000000
0.000000
0.000000
0.000000
0.000000
0.000000
0.000000
0.000000
0.000000
0.000000
0.000000
0.000000
0.000000
0.000000
0.000000
0.000000
0.000000
0.000000
0.000000
0.000000
0.000000
0.000000
0.000000
0.000000
0.000000
0.000000
0.000000
0.000000
0.000000
0.000000
0.000000
0.000000
0.000000
0.000000
0.000000
0.000000
0.000000
0.000000
0.000000
0.000000
0.000000
0.000000
0.000000
0.000000
0.000000
0.000000
0.000000
0.000000
0.000000
0.000000
0.000000
0.000000
0.000000
0.000000
0.000000
0.000000
0.000000
0.000000
0.000000
0.000000
0.000000
0.000000
0.000000
0.000000
0.000000
0.000000
0.000000
0.000000
0.000000
0.000000
0.000000
0.000000
0.000000
0.000000
0.000000
0.000000
0.000000
0.000000
0.000000
0.000000
0.000000
0.000000
0.000000
0.000000
0.000000
0.000000
0.000000
0.000000
0.000000
0.000000
0.000000
0.000000
0.000000
0.000000
0.000000
0.000000
0.000000
0.000000
0.000000
0.000000
0.000000
0.000000
0.000000
0.000000
0.000000
0.000000
0.000000
0.000000
0.000000
0.000000
0.000000
0.000000
0.000000
0.000000
0.000000
0.000000
0.000000
0.000000
0.000000
0.000000
0.000000
0.000000
0.000000
0.000000
0.000000
0.000000
0.000000
0.000000
0.000000
0.000000
0.000000
0.000000
0.000000
0.000000
0.000000
0.000000
0.000000
0.000000
0.000000
0.000000
0.000000
0.000000
0.000000
0.000000
0.000000
0.000000
0.000000
0.000000
0.000000
0.000000
0.000000
0.000000
0.000000
0.000000
0.000000
0.000000
0.000000
0.000000
0.000000
0.000000
0.000000
0.000000
0.000000
0.000000
0.000000
0.000000
0.000000
0.000000
0.000000
0.000000
0.000000
0.000000
0.000000
0.000000
0.000000
0.000000
0.000000
0.000000
0.000000
0.000000
0.000000
0.000000
0.000000
0.000000
0.000000
0.000000
0.000000
0.000000
0.000000
0.000000
0.000000
0.000000
0.000000
0.000000
0.000000
0.000000
0.000000
0.000000
0.000000
0.000000
0.000000
0.000000
0.000000
0.000000
0.000000
0.000000
0.000000
0.000000
0.000000
0.000000
0.000000
0.000000
0.000000
0.000000
0.000000
0.000000
0.000000
0.000000
0.000000
0.000000
0.000000
0.000000
0.000000
0.000000
0.000000
0.000000
0.000000
0.000000
0.000000
0.000000
0.000000
0.000000
0.000000
0.000000
0.000000
0.000000
0.000000
0.000000
0.000000
0.000000
0.000000
0.000000
0.000000
0.000000
0.000000
0.000000
0.000000
0.001165
0.002330
0.003495
0.004660
0.005823
0.006986
0.008148
0.009309
0.010469
0.011627
0.012783
0.013938
0.015091
0.016242
0.017391
0.018537
0.019681
0.020822
0.021961
0.023096
0.024228
0.025357
0.026483
0.027604
0.028723
0.029837
0.030947
0.032053
0.033155
0.034252
0.035344
0.036432
0.037515
0.038592
0.039665
0.040732
0.041793
0.042849
0.043899
0.044943
0.045981
0.047012
0.048038
0.049057
0.050069
0.051074
0.052072
0.053064
0.054048
0.055024
0.055994
0.056955
0.057909
0.058855
0.059794
0.060724
0.061645
0.062559
0.063463
0.064360
0.065247
0.066126
0.066996
0.067856
0.068707
0.069549
0.070382
0.071205
0.072018
0.072822
0.073616
0.074399
0.075173
0.075936
0.076689
0.077432
0.078164
0.078886
0.079596
0.080296
0.080986
0.081664
0.082331
0.082986
0.083631
0.084264
0.084886
0.085496
0.086095
0.086682
0.087257
0.087820
0.088372
0.088911
0.089438
0.089953
0.090456
0.090947
0.091425
0.091891
0.092345
0.092786
0.093214
0.093629
0.094032
0.094423
0.094800
0.095164
0.095516
0.095854
0.096180
0.096492
0.096792
0.097078
0.097351
0.097611
0.097857
0.098091
0.098261
0.098261
0.098471
0.098667
0.098850
0.099020
0.099176
0.099318
0.099447
0.099563
0.099665
0.099754
0.099829
0.099890
0.099938
0.099972
0.099993
0.100000
0.099994
0.099974
0.099940
0.099893
0.099832
0.099758
0.099670
0.099569
0.099454
0.099325
0.099183
0.099028
0.098859
0.098677
0.098482
0.098273
0.098050
0.097815
0.097566
0.097303
0.097028
0.096739
0.096438
0.096123
0.095795
0.095454
0.095100
0.094734
0.094354
0.093962
0.093556
0.093139
0.092708
0.092265
0.091809
0.091341
0.090861
0.090368
0.089863
0.089345
0.088816
0.088274
0.087721
0.087155
0.086578
0.085989
0.085389
0.084776
0.084152
0.083517
0.082871
0.082213
0.081544
0.080864
0.080173
0.079471
0.078758
0.078035
0.077301
0.076556
0.075801
0.075036
0.074261
0.073475
0.072680
0.071874
0.071059
0.070235
0.069400
0.068557
0.067704
0.066842
0.065970
0.065090
0.064201
0.063303
0.062397
0.061482
0.060559
0.059627
0.058688
0.057740
0.056785
0.055822
0.054851
0.053873
0.052888
0.051895
0.050896
0.049889
0.048876
0.047856
0.046829
0.045797
0.044758
0.043713
0.042662
0.041605
0.040542
0.039474
0.038401
0.037322
0.036239
0.035150
0.034057
0.032959
0.031857
0.030750
0.029639
0.028524
0.027405
0.026283
0.025157
0.024027
0.022894
0.021758
0.020619
0.019478
0.018334
0.017187
0.016038
0.014886
0.013733
0.012578
0.011421
0.010262
0.009103
0.007942
0.006779
0.005616
0.004453
0.003288
0.002123
0.000958
0.000000
0.000000
0.000000
0.000000
0.000000
0.000000
0.000000
0.000000
0.000000
0.000000
0.000000
0.000000
0.000000
0.000000
0.000000
0.000000
0.000000
0.000000
0.000000
0.000000
0.000000
0.000000
0.000000
0.000000
0.000000
0.000000
0.000000
0.000000
0.000000
0.000000
0.000000
0.000000
0.000000
0.000000
0.000000
0.000000
0.000000
0.000000
0.000000
0.000000
0.000000
0.000000
0.000000
0.000000
0.000000
0.000000
0.000000
0.000000
0.000000
0.000000
0.000000
0.000000
0.000000
0.000000
0.000000
0.000000
0.000000
0.000000
0.000000
0.000000
0.000000
0.000000
0.000000
0.000000
0.000000
0.000000
0.000000
0.000000
0.000000
0.000000
0.000000
0.000000
0.000000
0.000000
0.000000
0.000000
0.000000
0.000000
0.000000
0.000000
0.000000
0.000000
0.000000
0.000000
0.000000
0.000000
0.000000
0.000000
0.000000
0.000000
0.000000
0.000000
0.000000
0.000000
0.000000
0.000000
0.000000
0.000000
0.000000
0.000000
0.000000
0.000000
0.000000
0.000000
0.000000
0.000000
0.000000
0.000000
0.000000
0.000000
0.000000
0.000000
0.000000
0.000000
0.000000
0.000000
0.000000
0.000000
0.000000
0.000000
0.000000
0.000000
0.000000
0.000000
0.000000
0.000000
0.000000
0.000000
0.000000
0.000000
0.000000
0.000000
0.000000
0.000000
0.000000
0.000000
0.000000
0.000000
0.000000
0.000000
0.000000
0.000000
0.000000
0.000000
0.000000
0.000000
0.000000
0.000000
0.000000
0.000000
0.000000
0.000000
0.000000
0.000000
0.000000
0.000000
0.000000
0.000000
0.000000
0.000000
0.000000
0.000000
0.000000
0.000000
0.000000
0.000000
0.000000
0.000000
0.000000
0.000000
0.000000
0.000000
0.000000
0.000000
0.000000
0.000000
0.000000
0.000000
0.000000
0.000000
0.000000
0.000000
0.000000
0.000000
0.000000
0.000000
0.000000
0.000000
0.000000
0.000000
0.000000
0.000000
0.000000
0.000000
0.000000
0.000000
0.000000
0.000000
0.000000
0.000000
0.000000
0.000000
0.000000
0.000000
0.000000
0.000000
0.000000
0.000000
0.000000
0.000000
0.000000
0.000000
0.000000
0.000000
0.000000
0.000000
0.000000
0.000000
0.000000
0.000000
0.000000
0.000000
0.000000
0.000000
0.000000
0.000000
0.000000
0.000000
0.000000
0.000000
0.000000
0.000000
0.000000
0.000000
0.000000
0.000000
0.000000
0.000000
0.000000
0.000000
0.000000
0.000000
0.000000
0.000000
0.000000
0.000000
0.000000
0.000000
0.000000
0.000000
0.000000
0.000000
0.000000
0.000000
0.000000
0.000000
0.000000
0.000000
0.000000
0.000000
0.000000
0.000000
0.000000
0.000000
0.000000
0.000000
0.000000
0.000000
0.000000
0.000000
0.000000
0.000000
0.000000
0.000000
0.000000
0.000000
0.000000
0.001147
0.002293
0.003440
0.004585
0.005731
0.006875
0.008019
0.009161
0.010302
0.011442
0.012581
0.013717
0.014852
0.015985
0.017116
0.018245
0.019371
0.020495
0.021616
0.022734
0.023849
0.024962
0.026070
0.027176
0.028277
0.029375
0.030470
0.031560
0.032646
0.033728
0.034805
0.035878
0.036946
0.038009
0.039067
0.040120
0.041168
0.042210
0.043247
0.044278
0.045303
0.046322
0.047336
0.048343
0.049343
0.050338
0.051325
0.052306
0.053280
0.054247
0.055206
0.056159
0.057104
0.058042
0.058972
0.059894
0.060808
0.061714
0.062613
0.063503
0.064384
0.065258
0.066122
0.066978
0.067825
0.068663
0.069493
0.070313
0.071123
0.071925
0.072717
0.073499
0.074272
0.075035
0.075788
0.076531
0.077264
0.077987
0.078700
0.079402
0.080094
0.080775
0.081446
0.082106
0.082755
0.083393
0.084021
0.084637
0.085242
0.085836
0.086419
0.086990
0.087550
0.088098
0.088635
0.089160
0.089674
0.090175
0.090665
0.091143
0.091609
0.092062
0.092504
0.092934
0.093351
0.093756
0.094149
0.094529
0.094897
0.095252
0.095595
0.095925
0.096243
0.096548
0.096840
0.097120
0.097387
0.097641
0.097882
0.098110
0.098326
0.098528
0.098528
0.098718
0.098894
0.099058
0.099208
0.099346
0.099470
0.099582
0.099680
0.099765
0.099837
0.099896
0.099942
0.099974
0.099994
0.100000
0.099993
0.099973
0.099940
0.099894
0.099834
0.099762
0.099676
0.099577
0.099466
0.099341
0.099203
0.099052
0.098888
0.098710
0.098520
0.098317
0.098101
0.097873
0.097631
0.097376
0.097109
0.096829
0.096536
0.096230
0.095912
0.095581
0.095238
0.094882
0.094514
0.094133
0.093740
0.093334
0.092916
0.092486
0.092044
0.091590
0.091124
0.090645
0.090155
0.089653
0.089139
0.088614
0.088076
0.087528
0.086967
0.086395
0.085812
0.085218
0.084612
0.083996
0.083368
0.082729
0.082079
0.081419
0.080748
0.080066
0.079374
0.078671
0.077958
0.077235
0.076501
0.075758
0.075004
0.074241
0.073468
0.072685
0.071893
0.071091
0.070280
0.069459
0.068630
0.067791
0.066944
0.066087
0.065222
0.064349
0.063467
0.062577
0.061678
0.060771
0.059857
0.058934
0.058004
0.057066
0.056121
0.055168
0.054208
0.053241
0.052266
0.051285
0.050298
0.049303
0.048302
0.047295
0.046281
0.045262
0.044236
0.043205
0.042168
0.041126
0.040078
0.039024
0.037966
0.036903
0.035834
0.034762
0.033684
0.032602
0.031516
0.030426
0.029331
0.028233
0.027131
0.026026
0.024917
0.023805
0.022689
0.021571
0.020450
0.019326
0.018200
0.017071
0.015940
0.014807
0.013672
0.012535
0.011396
0.010256
0.009115
0.007972
0.006829
0.005684
0.004539
0.003393
0.002247
0.001100
0.000000
0.000000
0.000000
0.000000
0.000000
0.000000
0.000000
0.000000
0.000000
0.000000
0.000000
0.000000
0.000000
0.000000
0.000000
0.000000
0.000000
0.000000
0.000000
0.000000
0.000000
0.000000
0.000000
0.000000
0.000000
0.000000
0.000000
0.000000
0.000000
0.000000
0.000000
0.000000
0.000000
0.000000
0.000000
0.000000
0.000000
0.000000
0.000000
0.000000
0.000000
0.000000
0.000000
0.000000
0.000000
0.000000
0.000000
0.000000
0.000000
0.000000
0.000000
0.000000
0.000000
0.000000
0.000000
0.000000
0.000000
0.000000
0.000000
0.000000
0.000000
0.000000
0.000000
0.000000
0.000000
0.000000
0.000000
0.000000
0.000000
0.000000
0.000000
0.000000
0.000000
0.000000
0.000000
0.000000
0.000000
0.000000
0.000000
0.000000
0.000000
0.000000
0.000000
0.000000
0.000000
0.000000
0.000000
0.000000
0.000000
0.000000
0.000000
0.000000
0.000000
0.000000
0.000000
0.000000
0.000000
0.000000
0.000000
0.000000
0.000000
0.000000
0.000000
0.000000
0.000000
0.000000
0.000000
0.000000
0.000000
0.000000
0.000000
0.000000
0.000000
0.000000
0.000000
0.000000
0.000000
0.000000
0.000000
0.000000
0.000000
0.000000
0.000000
0.000000
0.000000
0.000000
0.000000
0.000000
0.000000
0.000000
0.000000
0.000000
0.000000
0.000000
0.000000
0.000000
0.000000
0.000000
0.000000
0.000000
0.000000
0.000000
0.000000
0.000000
0.000000
0.000000
0.000000
0.000000
0.000000
0.000000
0.000000
0.000000
0.000000
0.000000
0.000000
0.000000
0.000000
0.000000
0.000000
0.000000
0.000000
0.000000
0.000000
0.000000
0.000000
0.000000
0.000000
0.000000
0.000000
0.000000
0.000000
0.000000
0.000000
0.000000
0.000000
0.000000
0.000000
0.000000
0.000000
0.000000
0.000000
0.000000
0.000000
0.000000
0.000000
0.000000
0.000000
0.000000
0.000000
0.000000
0.000000
0.000000
0.000000
0.000000
0.000000
0.000000
0.000000
0.000000
0.000000
0.000000
0.000000
0.000000
0.000000
0.000000
0.000000
0.000000
0.000000
0.000000
0.000000
0.000000
0.000000
0.000000
0.000000
0.000000
0.000000
0.000000
0.000000
0.000000
0.000000
0.000000
0.000000
0.000000
0.000000
0.000000
0.000000
0.000000
0.000000
0.000000
0.000000
0.000000
0.000000
0.000000
0.000000
0.000000
0.000000
0.000000
0.000000
0.000000
0.000000
0.000000
0.000000
0.000000
0.000000
0.000000
0.000000
0.000000
0.000000
0.000000
0.000000
0.000000
0.000000
0.000000
0.000000
0.000000
0.000000
0.000000
0.000000
0.000000
0.000000
0.000000
0.000000
0.000000
0.000000
0.000000
0.000000
0.000000
0.000000
0.000000
0.000000
0.000000
0.000000
0.000000
0.000000
0.000000
0.000000
0.000000
0.000000
0.000000
0.000000
0.000000
0.000000
0.001130
0.002260
0.003389
0.004518
0.005646
0.006774
0.007901
0.009027
0.010151
0.011275
0.012397
0.013517
0.014636
0.015752
0.016867
0.017980
0.019090
0.020198
0.021303
0.022406
0.023505
0.024602
0.025696
0.026786
0.027873
0.028956
0.030036
0.031111
0.032183
0.033251
0.034314
0.035373
0.036428
0.037478
0.038523
0.039563
0.040598
0.041628
0.042653
0.043672
0.044686
0.045694
0.046696
0.047692
0.048682
0.049666
0.050643
0.051614
0.052579
0.053536
0.054487
0.055431
0.056368
0.057298
0.058220
0.059135
0.060042
0.060942
0.061834
0.062718
0.063594
0.064462
0.065321
0.066173
0.067016
0.067850
0.068676
0.069492
0.070300
0.071099
0.071889
0.072670
0.073442
0.074204
0.074957
0.075700
0.076433
0.077157
0.077871
0.078574
0.079268
0.079952
0.080626
0.081289
0.081942
0.082584
0.083216
0.083837
0.084448
0.085047
0.085636
0.086214
0.086781
0.087337
0.087882
0.088415
0.088938
0.089448
0.089948
0.090436
0.090912
0.091377
0.091830
0.092272
0.092701
0.093119
0.093525
0.093919
0.094301
0.094671
0.095029
0.095375
0.095708
0.096029
0.096339
0.096635
0.096920
0.097192
0.097452
0.097699
0.097934
0.098156
0.098365
0.098563
0.098747
0.098878
0.098878
0.099041
0.099190
0.099328
0.099452
0.099564
0.099663
0.099749
0.099823
0.099884
0.099932
0.099967
0.099990
0.100000
0.099997
0.099981
0.099952
0.099911
0.099857
0.099791
0.099711
0.099619
0.099514
0.099396
0.099266
0.099123
0.098967
0.098799
0.098618
0.098425
0.098219
0.098000
0.097769
0.097526
0.097270
0.097001
0.096720
0.096427
0.096122
0.095804
0.095474
0.095132
0.094777
0.094411
0.094033
0.093642
0.093240
0.092825
0.092399
0.091961
0.091512
0.091050
0.090577
0.090093
0.089597
0.089089
0.088570
0.088040
0.087498
0.086946
0.086382
0.085807
0.085222
0.084625
0.084018
0.083400
0.082771
0.082132
0.081482
0.080822
0.080151
0.079470
0.078780
0.078079
0.077368
0.076647
0.075916
0.075176
0.074426
0.073667
0.072898
0.072120
0.071333
0.070536
0.069731
0.068917
0.068094
0.067262
0.066421
0.065573
0.064715
0.063850
0.062976
0.062095
0.061205
0.060308
0.059402
0.058490
0.057570
0.056642
0.055707
0.054765
0.053817
0.052861
0.051898
0.050929
0.049954
0.048972
0.047984
0.046989
0.045989
0.044983
0.043971
0.042953
0.041930
0.040902
0.039868
0.038829
0.037786
0.036737
0.035684
0.034626
0.033564
0.032498
0.031427
0.030352
0.029274
0.028192
0.027106
0.026017
0.024924
0.023828
0.022729
0.021628
0.020523
0.019416
0.018306
0.017195
0.016080
0.014964
0.013846
0.012726
0.011605
0.010482
0.009358
0.008232
0.007106
0.005978
0.004850
0.003721
0.002592
0.001462
0.000332
0.000000
0.000000
0.000000
0.000000
0.000000
0.000000
0.000000
0.000000
0.000000
0.000000
0.000000
0.000000
0.000000
0.000000
0.000000
0.000000
0.000000
0.000000
0.000000
0.000000
0.000000
0.000000
0.000000
0.000000
0.000000
0.000000
0.000000
0.000000
0.000000
0.000000
0.000000
0.000000
0.000000
0.000000
0.000000
0.000000
0.000000
0.000000
0.000000
0.000000
0.000000
0.000000
0.000000
0.000000
0.000000
0.000000
0.000000
0.000000
0.000000
0.000000
0.000000
0.000000
0.000000
0.000000
0.000000
0.000000
0.000000
0.000000
0.000000
0.000000
0.000000
0.000000
0.000000
0.000000
0.000000
0.000000
0.000000
0.000000
0.000000
0.000000
0.000000
0.000000
0.000000
0.000000
0.000000
0.000000
0.000000
0.000000
0.000000
0.000000
0.000000
0.000000
0.000000
0.000000
0.000000
0.000000
0.000000
0.000000
0.000000
0.000000
0.000000
0.000000
0.000000
0.000000
0.000000
0.000000
0.000000
0.000000
0.000000
0.000000
0.000000
0.000000
0.000000
0.000000
0.000000
0.000000
0.000000
0.000000
0.000000
0.000000
0.000000
0.000000
0.000000
0.000000
0.000000
0.000000
0.000000
0.000000
0.000000
0.000000
0.000000
0.000000
0.000000
0.000000
0.000000
0.000000
0.000000
0.000000
0.000000
0.000000
0.000000
0.000000
0.000000
0.000000
0.000000
0.000000
0.000000
0.000000
0.000000
0.000000
0.000000
0.000000
0.000000
0.000000
0.000000
0.000000
0.000000
0.000000
0.000000
0.000000
0.000000
0.000000
0.000000
0.000000
0.000000
0.000000
0.000000
0.000000
0.000000
0.000000
0.000000
0.000000
0.000000
0.000000
0.000000
0.000000
0.000000
0.000000
0.000000
0.000000
0.000000
0.000000
0.000000
0.000000
0.000000
0.000000
0.000000
0.000000
0.000000
0.000000
0.000000
0.000000
0.000000
0.000000
0.000000
0.000000
0.000000
0.000000
0.000000
0.000000
0.000000
0.000000
0.000000
0.000000
0.000000
0.000000
0.000000
0.000000
0.000000
0.000000
0.000000
0.000000
0.000000
0.000000
0.000000
0.000000
0.000000
0.000000
0.000000
0.000000
0.000000
0.000000
0.000000
0.000000
0.000000
0.000000
0.000000
0.000000
0.000000
0.000000
0.000000
0.000000
0.000000
0.000000
0.000000
0.000000
0.000000
0.000000
0.000000
0.000000
0.000000
0.000000
0.000000
0.000000
0.000000
0.000000
0.000000
0.000000
0.000000
0.000000
0.000000
0.000000
0.000000
0.000000
0.000000
0.000000
0.000000
0.000000
0.000000
0.000000
0.000000
0.000000
0.000000
0.000000
0.000000
0.000000
0.000000
0.000000
0.000000
0.000000
0.000000
0.000000
0.000000
0.000000
0.000000
0.000000
0.000000
0.000000
0.000000
0.000000
0.000000
0.000000
0.000000
0.000000
0.000000
0.000000
0.000000
0.000000
0.000000
0.000000
0.000000
0.000000
0.000000
0.000000
0.001118
0.002237
0.003355
0.004472
0.005589
0.006706
0.007821
0.008936
0.010049
0.011162
0.012272
0.013382
0.014489
0.015595
0.016699
0.017800
0.018900
0.019997
0.021092
0.022184
0.023273
0.024359
0.025442
0.026522
0.027599
0.028672
0.029742
0.030808
0.031870
0.032928
0.033982
0.035032
0.036078
0.037118
0.038155
0.039186
0.040213
0.041234
0.042251
0.043262
0.044267
0.045267
0.046262
0.047251
0.048233
0.049210
0.050181
0.051145
0.052103
0.053054
0.053999
0.054937
0.055868
0.056792
0.057709
0.058619
0.059522
0.060417
0.061304
0.062184
0.063056
0.063920
0.064776
0.065624
0.066464
0.067296
0.068119
0.068933
0.069739
0.070536
0.071325
0.072104
0.072875
0.073636
0.074388
0.075131
0.075864
0.076588
0.077303
0.078007
0.078702
0.079387
0.080063
0.080728
0.081383
0.082028
0.082662
0.083286
0.083900
0.084504
0.085096
0.085679
0.086250
0.086811
0.087360
0.087899
0.088427
0.088944
0.089449
0.089944
0.090427
0.090899
0.091359
0.091808
0.092246
0.092672
0.093087
0.093489
0.093881
0.094260
0.094627
0.094983
0.095327
0.095659
0.095979
0.096287
0.096583
0.096867
0.097138
0.097398
0.097645
0.097881
0.098104
0.098314
0.098513
0.098699
0.098872
0.099034
0.099182
0.099275
0.099275
0.099403
0.099519
0.099622
0.099713
0.099791
0.099857
0.099911
0.099952
0.099980
0.099996
0.100000
0.099991
0.099969
0.099935
0.099888
0.099829
0.099758
0.099674
0.099577
0.099468
0.099347
0.099213
0.099067
0.098908
0.098737
0.098554
0.098358
0.098150
0.097930
0.097697
0.097452
0.097196
0.096926
0.096645
0.096352
0.096047
0.095729
0.095400
0.095058
0.094705
0.094340
0.093963
0.093575
0.093175
0.092763
0.092339
0.091904
0.091457
0.090999
0.090530
0.090049
0.089557
0.089054
0.088539
0.088014
0.087478
0.086930
0.086372
0.085803
0.085223
0.084633
0.084031
0.083420
0.082798
0.082166
0.081523
0.080870
0.080207
0.079534
0.078851
0.078158
0.077456
0.076743
0.076022
0.075290
0.074549
0.073799
0.073040
0.072271
0.071494
0.070707
0.069912
0.069108
0.068295
0.067474
0.066644
0.065806
0.064960
0.064106
0.063243
0.062373
0.061495
0.060609
0.059715
0.058815
0.057906
0.056991
0.056068
0.055139
0.054202
0.053259
0.052309
0.051352
0.050389
0.049420
0.048445
0.047463
0.046476
0.045483
0.044484
0.043479
0.042469
0.041454
0.040434
0.039408
0.038378
0.037343
0.036303
0.035258
0.034209
0.033156
0.032099
0.031038
0.029973
0.028904
0.027831
0.026755
0.025676
0.024593
0.023508
0.022419
0.021328
0.020233
0.019137
0.018038
0.016937
0.015833
0.014728
0.013621
0.012512
0.011401
0.010290
0.009176
0.008062
0.006947
0.005831
0.004714
0.003596
0.002478
0.001360
0.000241
0.000000
0.000000
0.000000
0.000000
0.000000
0.000000
0.000000
0.000000
0.000000
0.000000
0.000000
0.000000
0.000000
0.000000
0.000000
0.000000
0.000000
0.000000
0.000000
0.000000
0.000000
0.000000
0.000000
0.000000
0.000000
0.000000
0.000000
0.000000
0.000000
0.000000
0.000000
0.000000
0.000000
0.000000
0.000000
0.000000
0.000000
0.000000
0.000000
0.000000
0.000000
0.000000
0.000000
0.000000
0.000000
0.000000
0.000000
0.000000
0.000000
0.000000
0.000000
0.000000
0.000000
0.000000
0.000000
0.000000
0.000000
0.000000
0.000000
0.000000
0.000000
0.000000
0.000000
0.000000
0.000000
0.000000
0.000000
0.000000
0.000000
0.000000
0.000000
0.000000
0.000000
0.000000
0.000000
0.000000
0.000000
0.000000
0.000000
0.000000
0.000000
0.000000
0.000000
0.000000
0.000000
0.000000
0.000000
0.000000
0.000000
0.000000
0.000000
0.000000
0.000000
0.000000
0.000000
0.000000
0.000000
0.000000
0.000000
0.000000
0.000000
0.000000
0.000000
0.000000
0.000000
0.000000
0.000000
0.000000
0.000000
0.000000
0.000000
0.000000
0.000000
0.000000
0.000000
0.000000
0.000000
0.000000
0.000000
0.000000
0.000000
0.000000
0.000000
0.000000
0.000000
0.000000
0.000000
0.000000
0.000000
0.000000
0.000000
0.000000
0.000000
0.000000
0.000000
0.000000
0.000000
0.000000
0.000000
0.000000
0.000000
0.000000
0.000000
0.000000
0.000000
0.000000
0.000000
0.000000
0.000000
0.000000
0.000000
0.000000
0.000000
0.000000
0.000000
0.000000
0.000000
0.000000
0.000000
0.000000
0.000000
0.000000
0.000000
0.000000
0.000000
0.000000
0.000000
0.000000
0.000000
0.000000
0.000000
0.000000
0.000000
0.000000
0.000000
0.000000
0.000000
0.000000
0.000000
0.000000
0.000000
0.000000
0.000000
0.000000
0.000000
0.000000
0.000000
0.000000
0.000000
0.000000
0.000000
0.000000
0.000000
0.000000
0.000000
0.000000
0.000000
0.000000
0.000000
0.000000
0.000000
0.000000
0.000000
0.000000
0.000000
0.000000
0.000000
0.000000
0.000000
0.000000
0.000000
0.000000
0.000000
0.000000
0.000000
0.000000
0.000000
0.000000
0.000000
0.000000
0.000000
0.000000
0.000000
0.000000
0.000000
0.000000
0.000000
0.000000
0.000000
0.000000
0.000000
0.000000
0.000000
0.000000
0.000000
0.000000
0.000000
0.000000
0.000000
0.000000
0.000000
0.000000
0.000000
0.000000
0.000000
0.000000
0.000000
0.000000
0.000000
0.000000
0.000000
0.000000
0.000000
0.000000
0.000000
0.000000
0.000000
0.000000
0.000000
0.000000
0.000000
0.000000
0.000000
0.000000
0.000000
0.000000
0.000000
0.000000
0.000000
0.000000
0.000000
0.000000
0.000000
0.000000
0.000000
0.000000
0.000000
0.000000
0.000000
0.000000
0.000000
0.000000
0.000000
0.000000
0.000000
0.000000
0.000000
0.001115
0.002230
0.003345
0.004459
0.005573
0.006686
0.007798
0.008909
0.010019
0.011128
0.012236
0.013342
0.014446
0.015549
0.016649
0.017748
0.018844
0.019938
0.021029
0.022118
0.023204
0.024288
0.025368
0.026445
0.027519
0.028589
0.029656
0.030719
0.031778
0.032834
0.033885
0.034932
0.035975
0.037013
0.038046
0.039075
0.040099
0.041118
0.042132
0.043141
0.044144
0.045142
0.046134
0.047121
0.048102
0.049076
0.050045
0.051007
0.051963
0.052913
0.053855
0.054792
0.055721
0.056644
0.057559
0.058467
0.059368
0.060262
0.061148
0.062027
0.062898
0.063761
0.064616
0.065463
0.066302
0.067132
0.067955
0.068768
0.069574
0.070370
0.071158
0.071937
0.072708
0.073469
0.074221
0.074963
0.075697
0.076421
0.077135
0.077840
0.078535
0.079221
0.079896
0.080562
0.081217
0.081863
0.082498
0.083123
0.083738
0.084342
0.084936
0.085520
0.086092
0.086654
0.087205
0.087746
0.088275
0.088794
0.089301
0.089797
0.090282
0.090756
0.091219
0.091670
0.092110
0.092538
0.092955
0.093361
0.093754
0.094137
0.094507
0.094866
0.095212
0.095547
0.095870
0.096182
0.096481
0.096768
0.097043
0.097306
0.097557
0.097796
0.098023
0.098238
0.098440
0.098630
0.098808
0.098973
0.099127
0.099267
0.099396
0.099512
0.099616
0.099632
0.099632
0.099721
0.099798
0.099863
0.099915
0.099955
0.099982
0.099997
0.099999
0.099989
0.099967
0.099932
0.099885
0.099825
0.099753
0.099669
0.099572
0.099463
0.099341
0.099207
0.099061
0.098902
0.098731
0.098548
0.098352
0.098145
0.097925
0.097693
0.097448
0.097192
0.096924
0.096643
0.096351
0.096046
0.095730
0.095401
0.095061
0.094709
0.094345
0.093970
0.093582
0.093184
0.092773
0.092351
0.091918
0.091473
0.091017
0.090549
0.090070
0.089580
0.089079
0.088567
0.088043
0.087509
0.086964
0.086408
0.085841
0.085264
0.084676
0.084078
0.083469
0.082849
0.082220
0.081580
0.080930
0.080270
0.079600
0.078920
0.078230
0.077531
0.076822
0.076103
0.075375
0.074637
0.073891
0.073135
0.072369
0.071595
0.070812
0.070021
0.069220
0.068411
0.067594
0.066768
0.065933
0.065091
0.064240
0.063382
0.062515
0.061641
0.060759
0.059869
0.058973
0.058068
0.057157
0.056238
0.055313
0.054380
0.053441
0.052495
0.051543
0.050584
0.049619
0.048648
0.047670
0.046687
0.045698
0.044704
0.043703
0.042698
0.041687
0.040670
0.039649
0.038623
0.037592
0.036556
0.035516
0.034471
0.033422
0.032369
0.031312
0.030251
0.029187
0.028118
0.027046
0.025971
0.024893
0.023811
0.022727
0.021639
0.020549
0.019457
0.018362
0.017264
0.016165
0.015063
0.013960
0.012855
0.011748
0.010640
0.009531
0.008420
0.007308
0.006196
0.005082
0.003968
0.002854
0.001739
0.000624
0.000000
0.000000
0.000000
0.000000
0.000000
0.000000
0.000000
0.000000
0.000000
0.000000
0.000000
0.000000
0.000000
0.000000
0.000000
0.000000
0.000000
0.000000
0.000000
0.000000
0.000000
0.000000
0.000000
0.000000
0.000000
0.000000
0.000000
0.000000
0.000000
0.000000
0.000000
0.000000
0.000000
0.000000
0.000000
0.000000
0.000000
0.000000
0.000000
0.000000
0.000000
0.000000
0.000000
0.000000
0.000000
0.000000
0.000000
0.000000
0.000000
0.000000
0.000000
0.000000
0.000000
0.000000
0.000000
0.000000
0.000000
0.000000
0.000000
0.000000
0.000000
0.000000
0.000000
0.000000
0.000000
0.000000
0.000000
0.000000
0.000000
0.000000
0.000000
0.000000
0.000000
0.000000
0.000000
0.000000
0.000000
0.000000
0.000000
0.000000
0.000000
0.000000
0.000000
0.000000
0.000000
0.000000
0.000000
0.000000
0.000000
0.000000
0.000000
0.000000
0.000000
0.000000
0.000000
0.000000
0.000000
0.000000
0.000000
0.000000
0.000000
0.000000
0.000000
0.000000
0.000000
0.000000
0.000000
0.000000
0.000000
0.000000
0.000000
0.000000
0.000000
0.000000
0.000000
0.000000
0.000000
0.000000
0.000000
0.000000
0.000000
0.000000
0.000000
0.000000
0.000000
0.000000
0.000000
0.000000
0.000000
0.000000
0.000000
0.000000
0.000000
0.000000
0.000000
0.000000
0.000000
0.000000
0.000000
0.000000
0.000000
0.000000
0.000000
0.000000
0.000000
0.000000
0.000000
0.000000
0.000000
0.000000
0.000000
0.000000
0.000000
0.000000
0.000000
0.000000
0.000000
0.000000
0.000000
0.000000
0.000000
0.000000
0.000000
0.000000
0.000000
0.000000
0.000000
0.000000
0.000000
0.000000
0.000000
0.000000
0.000000
0.000000
0.000000
0.000000
0.000000
0.000000
0.000000
0.000000
0.000000
0.000000
0.000000
0.000000
0.000000
0.000000
0.000000
0.000000
0.000000
0.000000
0.000000
0.000000
0.000000
0.000000
0.000000
0.000000
0.000000
0.000000
0.000000
0.000000
0.000000
0.000000
0.000000
0.000000
0.000000
0.000000
0.000000
0.000000
0.000000
0.000000
0.000000
0.000000
0.000000
0.000000
0.000000
0.000000
0.000000
0.000000
0.000000
0.000000
0.000000
0.000000
0.000000
0.000000
0.000000
0.000000
0.000000
0.000000
0.000000
0.000000
0.000000
0.000000
0.000000
0.000000
0.000000
0.000000
0.000000
0.000000
0.000000
0.000000
0.000000
0.000000
0.000000
0.000000
0.000000
0.000000
0.000000
0.000000
0.000000
0.000000
0.000000
0.000000
0.000000
0.000000
0.000000
0.000000
0.000000
0.000000
0.000000
0.000000
0.000000
0.000000
0.000000
0.000000
0.000000
0.000000
0.000000
0.000000
0.000000
0.000000
0.000000
0.000000
0.000000
0.000000
0.000000
0.000000
0.000000
0.000000
0.000000
0.000000
0.000000
0.000000
0.000000
0.000000
0.000000
0.000000
0.001118
0.002236
0.003353
0.004470
0.005587
0.006703
0.007818
0.008932
0.010045
0.011156
0.012266
0.013375
0.014482
0.015587
0.016691
0.017792
0.018891
0.019988
0.021082
0.022173
0.023262
0.024348
0.025430
0.026510
0.027586
0.028659
0.029728
0.030794
0.031856
0.032913
0.033967
0.035016
0.036061
0.037102
0.038137
0.039168
0.040195
0.041216
0.042232
0.043242
0.044248
0.045247
0.046242
0.047230
0.048212
0.049189
0.050159
0.051123
0.052081
0.053032
0.053976
0.054914
0.055845
0.056769
0.057685
0.058595
0.059497
0.060392
0.061279
0.062159
0.063031
0.063895
0.064751
0.065598
0.066438
0.067270
0.068092
0.068907
0.069713
0.070510
0.071298
0.072078
0.072848
0.073609
0.074361
0.075104
0.075838
0.076562
0.077276
0.077981
0.078676
0.079361
0.080036
0.080701
0.081356
0.082001
0.082636
0.083260
0.083874
0.084478
0.085071
0.085653
0.086225
0.086786
0.087336
0.087875
0.088403
0.088920
0.089426
0.089920
0.090404
0.090876
0.091337
0.091786
0.092224
0.092651
0.093066
0.093469
0.093860
0.094240
0.094608
0.094965
0.095309
0.095641
0.095962
0.096270
0.096567
0.096851
0.097123
0.097383
0.097631
0.097867
0.098091
0.098302
0.098501
0.098688
0.098862
0.099024
0.099174
0.099311
0.099436
0.099548
0.099648
0.099736
0.099811
0.099855
0.099855
0.099909
0.099950
0.099979
0.099996
0.100000
0.099991
0.099970
0.099937
0.099891
0.099833
0.099762
0.099678
0.099583
0.099474
0.099354
0.099221
0.099075
0.098917
0.098747
0.098564
0.098369
0.098162
0.097943
0.097711
0.097467
0.097211
0.096943
0.096662
0.096370
0.096066
0.095749
0.095421
0.095080
0.094728
0.094364
0.093988
0.093600
0.093201
0.092790
0.092367
0.091933
0.091487
0.091030
0.090562
0.090082
0.089591
0.089089
0.088576
0.088051
0.087516
0.086969
0.086412
0.085844
0.085265
0.084676
0.084076
0.083465
0.082845
0.082213
0.081572
0.080920
0.080258
0.079586
0.078904
0.078213
0.077511
0.076800
0.076079
0.075349
0.074609
0.073860
0.073102
0.072334
0.071558
0.070773
0.069978
0.069175
0.068364
0.067544
0.066715
0.065878
0.065033
0.064180
0.063318
0.062449
0.061572
0.060687
0.059795
0.058895
0.057988
0.057074
0.056152
0.055224
0.054288
0.053346
0.052397
0.051442
0.050480
0.049512
0.048537
0.047557
0.046570
0.045578
0.044580
0.043577
0.042568
0.041554
0.040534
0.039510
0.038480
0.037446
0.036407
0.035364
0.034316
0.033263
0.032207
0.031147
0.030083
0.029014
0.027943
0.026868
0.025789
0.024707
0.023623
0.022535
0.021444
0.020351
0.019255
0.018157
0.017057
0.015954
0.014849
0.013743
0.012635
0.011525
0.010414
0.009301
0.008188
0.007073
0.005957
0.004841
0.003724
0.002607
0.001489
0.000371
0.000000
0.000000
0.000000
0.000000
0.000000
0.000000
0.000000
0.000000
0.000000
0.000000
0.000000
0.000000
0.000000
0.000000
0.000000
0.000000
0.000000
0.000000
0.000000
0.000000
0.000000
0.000000
0.000000
0.000000
0.000000
0.000000
0.000000
0.000000
0.000000
0.000000
0.000000
0.000000
0.000000
0.000000
0.000000
0.000000
0.000000
0.000000
0.000000
0.000000
0.000000
0.000000
0.000000
0.000000
0.000000
0.000000
0.000000
0.000000
0.000000
0.000000
0.000000
0.000000
0.000000
0.000000
0.000000
0.000000
0.000000
0.000000
0.000000
0.000000
0.000000
0.000000
0.000000
0.000000
0.000000
0.000000
0.000000
0.000000
0.000000
0.000000
0.000000
0.000000
0.000000
0.000000
0.000000
0.000000
0.000000
0.000000
0.000000
0.000000
0.000000
0.000000
0.000000
0.000000
0.000000
0.000000
0.000000
0.000000
0.000000
0.000000
0.000000
0.000000
0.000000
0.000000
0.000000
0.000000
0.000000
0.000000
0.000000
0.000000
0.000000
0.000000
0.000000
0.000000
0.000000
0.000000
0.000000
0.000000
0.000000
0.000000
0.000000
0.000000
0.000000
0.000000
0.000000
0.000000
0.000000
0.000000
0.000000
0.000000
0.000000
0.000000
0.000000
0.000000
0.000000
0.000000
0.000000
0.000000
0.000000
0.000000
0.000000
0.000000
0.000000
0.000000
0.000000
0.000000
0.000000
0.000000
0.000000
0.000000
0.000000
0.000000
0.000000
0.000000
0.000000
0.000000
0.000000
0.000000
0.000000
0.000000
0.000000
0.000000
0.000000
0.000000
0.000000
0.000000
0.000000
0.000000
0.000000
0.000000
0.000000
0.000000
0.000000
0.000000
0.000000
0.000000
0.000000
0.000000
0.000000
0.000000
0.000000
0.000000
0.000000
0.000000
0.000000
0.000000
0.000000
0.000000
0.000000
0.000000
0.000000
0.000000
0.000000
0.000000
0.000000
0.000000
0.000000
0.000000
0.000000
0.000000
0.000000
0.000000
0.000000
0.000000
0.000000
0.000000
0.000000
0.000000
0.000000
0.000000
0.000000
0.000000
0.000000
0.000000
0.000000
0.000000
0.000000
0.000000
0.000000
0.000000
0.000000
0.000000
0.000000
0.000000
0.000000
0.000000
0.000000
0.000000
0.000000
0.000000
0.000000
0.000000
0.000000
0.000000
0.000000
0.000000
0.000000
0.000000
0.000000
0.000000
0.000000
0.000000
0.000000
0.000000
0.000000
0.000000
0.000000
0.000000
0.000000
0.000000
0.000000
0.000000
0.000000
0.000000
0.000000
0.000000
0.000000
0.000000
0.000000
0.000000
0.000000
0.000000
0.000000
0.000000
0.000000
0.000000
0.000000
0.000000
0.000000
0.000000
0.000000
0.000000
0.000000
0.000000
0.000000
0.000000
0.000000
0.000000
0.000000
0.000000
0.000000
0.000000
0.000000
0.000000
0.000000
0.000000
0.000000
0.000000
0.000000
0.000000
0.000000
0.000000
0.000000
0.000000
0.000000
0.001122
0.002244
0.003365
0.004486
0.005607
0.006726
0.007845
0.008963
0.010080
0.011196
0.012310
0.013422
0.014533
0.015642
0.016749
0.017854
0.018957
0.020057
0.021155
0.022250
0.023343
0.024432
0.025518
0.026602
0.027681
0.028758
0.029830
0.030899
0.031964
0.033025
0.034082
0.035135
0.036183
0.037227
0.038265
0.039300
0.040329
0.041353
0.042372
0.043385
0.044393
0.045396
0.046392
0.047383
0.048368
0.049347
0.050320
0.051286
0.052246
0.053199
0.054146
0.055086
0.056019
0.056944
0.057863
0.058774
0.059678
0.060575
0.061464
0.062345
0.063218
0.064083
0.064941
0.065790
0.066630
0.067463
0.068287
0.069102
0.069908
0.070706
0.071495
0.072275
0.073046
0.073807
0.074560
0.075303
0.076036
0.076760
0.077474
0.078179
0.078873
0.079558
0.080233
0.080897
0.081552
0.082196
0.082830
0.083453
0.084066
0.084668
0.085260
0.085841
0.086411
0.086970
0.087518
0.088055
0.088582
0.089097
0.089600
0.090093
0.090574
0.091044
0.091502
0.091949
0.092384
0.092808
0.093220
0.093620
0.094009
0.094385
0.094750
0.095103
0.095443
0.095772
0.096089
0.096394
0.096686
0.096966
0.097235
0.097490
0.097734
0.097965
0.098184
0.098391
0.098585
0.098767
0.098936
0.099093
0.099238
0.099370
0.099489
0.099596
0.099691
0.099773
0.099842
0.099899
0.099943
0.099946
0.099946
0.099977
0.099995
0.100000
0.099993
0.099973
0.099941
0.099896
0.099838
0.099768
0.099686
0.099590
0.099483
0.099362
0.099230
0.099084
0.098927
0.098757
0.098574
0.098379
0.098172
0.097952
0.097720
0.097475
0.097219
0.096950
0.096669
0.096376
0.096070
0.095753
0.095423
0.095082
0.094728
0.094363
0.093986
0.093597
0.093196
0.092783
0.092359
0.091923
0.091475
0.091016
0.090546
0.090064
0.089571
0.089066
0.088551
0.088024
0.087486
0.086937
0.086377
0.085806
0.085225
0.084633
0.084030
0.083416
0.082792
0.082158
0.081513
0.080858
0.080193
0.079517
0.078832
0.078137
0.077432
0.076717
0.075993
0.075259
0.074515
0.073762
0.073000
0.072229
0.071448
0.070659
0.069861
0.069053
0.068238
0.067413
0.066580
0.065739
0.064890
0.064032
0.063166
0.062292
0.061411
0.060522
0.059625
0.058720
0.057809
0.056889
0.055963
0.055030
0.054090
0.053143
0.052189
0.051229
0.050262
0.049289
0.048310
0.047324
0.046333
0.045336
0.044333
0.043325
0.042311
0.041292
0.040267
0.039238
0.038204
0.037164
0.036121
0.035072
0.034019
0.032962
0.031901
0.030836
0.029767
0.028694
0.027617
0.026537
0.025454
0.024367
0.023278
0.022185
0.021090
0.019992
0.018891
0.017788
0.016683
0.015576
0.014467
0.013356
0.012243
0.011129
0.010013
0.008897
0.007779
0.006660
0.005540
0.004419
0.003298
0.002177
0.001055
0.000000
0.000000
0.000000
0.000000
0.000000
0.000000
0.000000
0.000000
0.000000
0.000000
0.000000
0.000000
0.000000
0.000000
0.000000
0.000000
0.000000
0.000000
0.000000
0.000000
0.000000
0.000000
0.000000
0.000000
0.000000
0.000000
0.000000
0.000000
0.000000
0.000000
0.000000
0.000000
0.000000
0.000000
0.000000
0.000000
0.000000
0.000000
0.000000
0.000000
0.000000
0.000000
0.000000
0.000000
0.000000
0.000000
0.000000
0.000000
0.000000
0.000000
0.000000
0.000000
0.000000
0.000000
0.000000
0.000000
0.000000
0.000000
0.000000
0.000000
0.000000
0.000000
0.000000
0.000000
0.000000
0.000000
0.000000
0.000000
0.000000
0.000000
0.000000
0.000000
0.000000
0.000000
0.000000
0.000000
0.000000
0.000000
0.000000
0.000000
0.000000
0.000000
0.000000
0.000000
0.000000
0.000000
0.000000
0.000000
0.000000
0.000000
0.000000
0.000000
0.000000
0.000000
0.000000
0.000000
0.000000
0.000000
0.000000
0.000000
0.000000
0.000000
0.000000
0.000000
0.000000
0.000000
0.000000
0.000000
0.000000
0.000000
0.000000
0.000000
0.000000
0.000000
0.000000
0.000000
0.000000
0.000000
0.000000
0.000000
0.000000
0.000000
0.000000
0.000000
0.000000
0.000000
0.000000
0.000000
0.000000
0.000000
0.000000
0.000000
0.000000
0.000000
0.000000
0.000000
0.000000
0.000000
0.000000
0.000000
0.000000
0.000000
0.000000
0.000000
0.000000
0.000000
0.000000
0.000000
0.000000
0.000000
0.000000
0.000000
0.000000
0.000000
0.000000
0.000000
0.000000
0.000000
0.000000
0.000000
0.000000
0.000000
0.000000
0.000000
0.000000
0.000000
0.000000
0.000000
0.000000
0.000000
0.000000
0.000000
0.000000
0.000000
0.000000
0.000000
0.000000
0.000000
0.000000
0.000000
0.000000
0.000000
0.000000
0.000000
0.000000
0.000000
0.000000
0.000000
0.000000
0.000000
0.000000
0.000000
0.000000
0.000000
0.000000
0.000000
0.000000
0.000000
0.000000
0.000000
0.000000
0.000000
0.000000
0.000000
0.000000
0.000000
0.000000
0.000000
0.000000
0.000000
0.000000
0.000000
0.000000
0.000000
0.000000
0.000000
0.000000
0.000000
0.000000
0.000000
0.000000
0.000000
0.000000
0.000000
0.000000
0.000000
0.000000
0.000000
0.000000
0.000000
0.000000
0.000000
0.000000
0.000000
0.000000
0.000000
0.000000
0.000000
0.000000
0.000000
0.000000
0.000000
0.000000
0.000000
0.000000
0.000000
0.000000
0.000000
0.000000
0.000000
0.000000
0.000000
0.000000
0.000000
0.000000
0.000000
0.000000
0.000000
0.000000
0.000000
0.000000
0.000000
0.000000
0.000000
0.000000
0.000000
0.000000
0.000000
0.000000
0.000000
0.000000
0.000000
0.000000
0.000000
0.000000
0.000000
0.000000
0.000000
0.000000
0.000000
0.000000
0.000000
0.000000
0.000000
0.000000
0.001124
0.002248
0.003372
0.004495
0.005618
0.006740
0.007861
0.008981
0.010101
0.011218
0.012335
0.013449
0.014563
0.015674
0.016783
0.017890
0.018995
0.020098
0.021198
0.022295
0.023389
0.024481
0.025569
0.026655
0.027736
0.028815
0.029889
0.030960
0.032027
0.033090
0.034149
0.035203
0.036253
0.037299
0.038339
0.039375
0.040406
0.041432
0.042452
0.043468
0.044477
0.045481
0.046480
0.047472
0.048458
0.049439
0.050413
0.051381
0.052342
0.053296
0.054244
0.055185
0.056119
0.057046
0.057966
0.058878
0.059783
0.060680
0.061570
0.062452
0.063326
0.064192
0.065050
0.065900
0.066741
0.067574
0.068399
0.069214
0.070021
0.070819
0.071609
0.072389
0.073160
0.073922
0.074674
0.075417
0.076150
0.076874
0.077588
0.078293
0.078987
0.079672
0.080346
0.081010
0.081664
0.082308
0.082941
0.083564
0.084176
0.084778
0.085368
0.085948
0.086518
0.087076
0.087623
0.088159
0.088684
0.089198
0.089701
0.090192
0.090672
0.091140
0.091597
0.092042
0.092476
0.092898
0.093308
0.093707
0.094093
0.094468
0.094831
0.095181
0.095520
0.095847
0.096161
0.096464
0.096754
0.097032
0.097298
0.097551
0.097792
0.098021
0.098237
0.098441
0.098633
0.098812
0.098978
0.099132
0.099274
0.099403
0.099519
0.099623
0.099714
0.099793
0.099859
0.099912
0.099953
0.099975
0.099975
0.099994
0.100000
0.099994
0.099975
0.099943
0.099899
0.099842
0.099772
0.099690
0.099596
0.099488
0.099368
0.099236
0.099091
0.098934
0.098764
0.098581
0.098386
0.098179
0.097959
0.097727
0.097482
0.097226
0.096957
0.096675
0.096382
0.096076
0.095758
0.095428
0.095086
0.094732
0.094366
0.093988
0.093598
0.093196
0.092783
0.092358
0.091921
0.091472
0.091012
0.090541
0.090058
0.089563
0.089058
0.088541
0.088013
0.087473
0.086923
0.086362
0.085790
0.085206
0.084613
0.084008
0.083393
0.082767
0.082131
0.081485
0.080828
0.080161
0.079484
0.078797
0.078099
0.077392
0.076676
0.075949
0.075213
0.074467
0.073712
0.072948
0.072174
0.071392
0.070600
0.069799
0.068990
0.068172
0.067345
0.066510
0.065666
0.064814
0.063954
0.063086
0.062210
0.061325
0.060434
0.059534
0.058627
0.057713
0.056791
0.055862
0.054926
0.053983
0.053034
0.052077
0.051114
0.050145
0.049169
0.048187
0.047199
0.046205
0.045205
0.044199
0.043188
0.042171
0.041149
0.040122
0.039090
0.038053
0.037011
0.035964
0.034913
0.033857
0.032797
0.031733
0.030665
0.029593
0.028518
0.027438
0.026355
0.025269
0.024180
0.023088
0.021992
0.020894
0.019794
0.018691
0.017585
0.016477
0.015367
0.014256
0.013142
0.012027
0.010910
0.009792
0.008672
0.007552
0.006431
0.005308
0.004185
0.003062
0.001938
0.000814
0.000000
0.000000
0.000000
0.000000
0.000000
0.000000
0.000000
0.000000
0.000000
0.000000
0.000000
0.000000
0.000000
0.000000
0.000000
0.000000
0.000000
0.000000
0.000000
0.000000
0.000000
0.000000
0.000000
0.000000
0.000000
0.000000
0.000000
0.000000
0.000000
0.000000
0.000000
0.000000
0.000000
0.000000
0.000000
0.000000
0.000000
0.000000
0.000000
0.000000
0.000000
0.000000
0.000000
0.000000
0.000000
0.000000
0.000000
0.000000
0.000000
0.000000
0.000000
0.000000
0.000000
0.000000
0.000000
0.000000
0.000000
0.000000
0.000000
0.000000
0.000000
0.000000
0.000000
0.000000
0.000000
0.000000
0.000000
0.000000
0.000000
0.000000
0.000000
0.000000
0.000000
0.000000
0.000000
0.000000
0.000000
0.000000
0.000000
0.000000
0.000000
0.000000
0.000000
0.000000
0.000000
0.000000
0.000000
0.000000
0.000000
0.000000
0.000000
0.000000
0.000000
0.000000
0.000000
0.000000
0.000000
0.000000
0.000000
0.000000
0.000000
0.000000
0.000000
0.000000
0.000000
0.000000
0.000000
0.000000
0.000000
0.000000
0.000000
0.000000
0.000000
0.000000
0.000000
0.000000
0.000000
0.000000
0.000000
0.000000
0.000000
0.000000
0.000000
0.000000
0.000000
0.000000
0.000000
0.000000
0.000000
0.000000
0.000000
0.000000
0.000000
0.000000
0.000000
0.000000
0.000000
0.000000
0.000000
0.000000
0.000000
0.000000
0.000000
0.000000
0.000000
0.000000
0.000000
0.000000
0.000000
0.000000
0.000000
0.000000
0.000000
0.000000
0.000000
0.000000
0.000000
0.000000
0.000000
0.000000
0.000000
0.000000
0.000000
0.000000
0.000000
0.000000
0.000000
0.000000
0.000000
0.000000
0.000000
0.000000
0.000000
0.000000
0.000000
0.000000
0.000000
0.000000
0.000000
0.000000
0.000000
0.000000
0.000000
0.000000
0.000000
0.000000
0.000000
0.000000
0.000000
0.000000
0.000000
0.000000
0.000000
0.000000
0.000000
0.000000
0.000000
0.000000
0.000000
0.000000
0.000000
0.000000
0.000000
0.000000
0.000000
0.000000
0.000000
0.000000
0.000000
0.000000
0.000000
0.000000
0.000000
0.000000
0.000000
0.000000
0.000000
0.000000
0.000000
0.000000
0.000000
0.000000
0.000000
0.000000
0.000000
0.000000
0.000000
0.000000
0.000000
0.000000
0.000000
0.000000
0.000000
0.000000
0.000000
0.000000
0.000000
0.000000
0.000000
0.000000
0.000000
0.000000
0.000000
0.000000
0.000000
0.000000
0.000000
0.000000
0.000000
0.000000
0.000000
0.000000
0.000000
0.000000
0.000000
0.000000
0.000000
0.000000
0.000000
0.000000
0.000000
0.000000
0.000000
0.000000
0.000000
0.000000
0.000000
0.000000
0.000000
0.000000
0.000000
0.000000
0.000000
0.000000
0.000000
0.000000
0.000000
0.000000
0.000000
0.000000
0.000000
0.000000
0.000000
0.000000
0.001125
0.002249
0.003373
0.004497
0.005620
0.006742
0.007864
0.008984
0.010103
0.011222
0.012338
0.013453
0.014567
0.015678
0.016788
0.017895
0.019001
0.020104
0.021204
0.022301
0.023396
0.024488
0.025577
0.026662
0.027744
0.028823
0.029898
0.030969
0.032036
0.033099
0.034159
0.035213
0.036263
0.037309
0.038350
0.039386
0.040417
0.041443
0.042464
0.043479
0.044489
0.045494
0.046492
0.047485
0.048471
0.049452
0.050426
0.051394
0.052355
0.053310
0.054258
0.055199
0.056134
0.057061
0.057980
0.058893
0.059798
0.060696
0.061585
0.062467
0.063342
0.064208
0.065066
0.065916
0.066757
0.067590
0.068415
0.069230
0.070037
0.070836
0.071625
0.072405
0.073176
0.073938
0.074690
0.075433
0.076167
0.076891
0.077605
0.078309
0.079003
0.079688
0.080362
0.081026
0.081680
0.082324
0.082957
0.083580
0.084192
0.084793
0.085384
0.085964
0.086533
0.087091
0.087638
0.088174
0.088699
0.089213
0.089715
0.090206
0.090686
0.091154
0.091611
0.092056
0.092489
0.092911
0.093321
0.093719
0.094105
0.094480
0.094842
0.095193
0.095531
0.095858
0.096172
0.096474
0.096764
0.097041
0.097307
0.097560
0.097801
0.098029
0.098245
0.098448
0.098640
0.098818
0.098984
0.099138
0.099279
0.099407
0.099523
0.099627
0.099718
0.099796
0.099861
0.099914
0.099954
0.099982
0.099983
0.099983
0.099998
0.099999
0.099988
0.099964
0.099928
0.099879
0.099817
0.099743
0.099656
0.099556
0.099444
0.099320
0.099182
0.099033
0.098870
0.098695
0.098508
0.098308
0.098096
0.097872
0.097635
0.097385
0.097124
0.096850
0.096564
0.096265
0.095955
0.095632
0.095298
0.094951
0.094592
0.094221
0.093838
0.093444
0.093038
0.092619
0.092190
0.091748
0.091295
0.090830
0.090354
0.089867
0.089368
0.088857
0.088336
0.087803
0.087260
0.086705
0.086139
0.085562
0.084975
0.084377
0.083768
0.083148
0.082519
0.081878
0.081227
0.080566
0.079895
0.079214
0.078522
0.077821
0.077110
0.076389
0.075659
0.074919
0.074169
0.073410
0.072642
0.071864
0.071078
0.070282
0.069478
0.068665
0.067843
0.067013
0.066174
0.065327
0.064471
0.063607
0.062736
0.061856
0.060968
0.060073
0.059170
0.058260
0.057343
0.056418
0.055486
0.054547
0.053601
0.052648
0.051689
0.050723
0.049750
0.048772
0.047787
0.046796
0.045800
0.044797
0.043789
0.042775
0.041756
0.040732
0.039702
0.038667
0.037628
0.036584
0.035535
0.034481
0.033424
0.032362
0.031296
0.030226
0.029152
0.028074
0.026993
0.025909
0.024821
0.023730
0.022636
0.021540
0.020440
0.019338
0.018234
0.017127
0.016018
0.014907
0.013794
0.012679
0.011563
0.010445
0.009326
0.008206
0.007085
0.005963
0.004840
0.003717
0.002593
0.001468
0.000344
0.000000
0.000000
0.000000
0.000000
0.000000
0.000000
0.000000
0.000000
0.000000
0.000000
0.000000
0.000000
0.000000
0.000000
0.000000
0.000000
0.000000
0.000000
0.000000
0.000000
0.000000
0.000000
0.000000
0.000000
0.000000
0.000000
0.000000
0.000000
0.000000
0.000000
0.000000
0.000000
0.000000
0.000000
0.000000
0.000000
0.000000
0.000000
0.000000
0.000000
0.000000
0.000000
0.000000
0.000000
0.000000
0.000000
0.000000
0.000000
0.000000
0.000000
0.000000
0.000000
0.000000
0.000000
0.000000
0.000000
0.000000
0.000000
0.000000
0.000000
0.000000
0.000000
0.000000
0.000000
0.000000
0.000000
0.000000
0.000000
0.000000
0.000000
0.000000
0.000000
0.000000
0.000000
0.000000
0.000000
0.000000
0.000000
0.000000
0.000000
0.000000
0.000000
0.000000
0.000000
0.000000
0.000000
0.000000
0.000000
0.000000
0.000000
0.000000
0.000000
0.000000
0.000000
0.000000
0.000000
0.000000
0.000000
0.000000
0.000000
0.000000
0.000000
0.000000
0.000000
0.000000
0.000000
0.000000
0.000000
0.000000
0.000000
0.000000
0.000000
0.000000
0.000000
0.000000
0.000000
0.000000
0.000000
0.000000
0.000000
0.000000
0.000000
0.000000
0.000000
0.000000
0.000000
0.000000
0.000000
0.000000
0.000000
0.000000
0.000000
0.000000
0.000000
0.000000
0.000000
0.000000
0.000000
0.000000
0.000000
0.000000
0.000000
0.000000
0.000000
0.000000
0.000000
0.000000
0.000000
0.000000
0.000000
0.000000
0.000000
0.000000
0.000000
0.000000
0.000000
0.000000
0.000000
0.000000
0.000000
0.000000
0.000000
0.000000
0.000000
0.000000
0.000000
0.000000
0.000000
0.000000
0.000000
0.000000
0.000000
0.000000
0.000000
0.000000
0.000000
0.000000
0.000000
0.000000
0.000000
0.000000
0.000000
0.000000
0.000000
0.000000
0.000000
0.000000
0.000000
0.000000
0.000000
0.000000
0.000000
0.000000
0.000000
0.000000
0.000000
0.000000
0.000000
0.000000
0.000000
0.000000
0.000000
0.000000
0.000000
0.000000
0.000000
0.000000
0.000000
0.000000
0.000000
0.000000
0.000000
0.000000
0.000000
0.000000
0.000000
0.000000
0.000000
0.000000
0.000000
0.000000
0.000000
0.000000
0.000000
0.000000
0.000000
0.000000
0.000000
0.000000
0.000000
0.000000
0.000000
0.000000
0.000000
0.000000
0.000000
0.000000
0.000000
0.000000
0.000000
0.000000
0.000000
0.000000
0.000000
0.000000
0.000000
0.000000
0.000000
0.000000
0.000000
0.000000
0.000000
0.000000
0.000000
0.000000
0.000000
0.000000
0.000000
0.000000
0.000000
0.000000
0.000000
0.000000
0.000000
0.000000
0.000000
0.000000
0.000000
0.000000
0.000000
0.000000
0.000000
0.000000
0.000000
0.000000
0.000000
0.000000
0.000000
0.000000
0.000000
0.000000
0.000000
0.000000
0.000000
0.000000
0.001124
0.002247
0.003370
0.004493
0.005616
0.006737
0.007858
0.008977
0.010096
0.011213
0.012329
0.013443
0.014556
0.015667
0.016776
0.017882
0.018987
0.020089
0.021188
0.022285
0.023379
0.024470
0.025558
0.026643
0.027724
0.028802
0.029876
0.030947
0.032013
0.033076
0.034134
0.035188
0.036238
0.037283
0.038323
0.039359
0.040389
0.041414
0.042435
0.043449
0.044459
0.045462
0.046460
0.047452
0.048439
0.049419
0.050392
0.051360
0.052321
0.053275
0.054222
0.055163
0.056097
0.057024
0.057943
0.058855
0.059760
0.060657
0.061547
0.062428
0.063302
0.064168
0.065026
0.065875
0.066717
0.067550
0.068374
0.069189
0.069996
0.070794
0.071584
0.072364
0.073135
0.073896
0.074649
0.075392
0.076125
0.076849
0.077563
0.078268
0.078962
0.079647
0.080321
0.080985
0.081639
0.082283
0.082916
0.083539
0.084152
0.084753
0.085344
0.085925
0.086494
0.087053
0.087600
0.088137
0.088662
0.089176
0.089679
0.090170
0.090650
0.091119
0.091576
0.092022
0.092456
0.092878
0.093289
0.093688
0.094075
0.094450
0.094813
0.095164
0.095503
0.095830
0.096145
0.096448
0.096739
0.097018
0.097284
0.097538
0.097779
0.098009
0.098226
0.098430
0.098622
0.098802
0.098969
0.099124
0.099266
0.099396
0.099513
0.099617
0.099709
0.099789
0.099855
0.099909
0.099951
0.099980
0.099987
0.099987
0.099999
0.099998
0.099984
0.099958
0.099920
0.099868
0.099804
0.099728
0.099639
0.099537
0.099423
0.099296
0.099156
0.099004
0.098840
0.098663
0.098474
0.098272
0.098058
0.097831
0.097592
0.097341
0.097077
0.096802
0.096514
0.096213
0.095901
0.095577
0.095240
0.094891
0.094531
0.094158
0.093774
0.093378
0.092970
0.092550
0.092119
0.091676
0.091221
0.090755
0.090277
0.089788
0.089288
0.088776
0.088253
0.087719
0.087174
0.086618
0.086051
0.085474
0.084885
0.084286
0.083676
0.083055
0.082424
0.081782
0.081131
0.080469
0.079796
0.079114
0.078422
0.077720
0.077008
0.076286
0.075555
0.074814
0.074063
0.073304
0.072535
0.071757
0.070970
0.070173
0.069368
0.068555
0.067732
0.066901
0.066062
0.065214
0.064358
0.063494
0.062622
0.061742
0.060854
0.059959
0.059056
0.058145
0.057227
0.056302
0.055370
0.054431
0.053485
0.052532
0.051572
0.050607
0.049634
0.048656
0.047671
0.046680
0.045683
0.044681
0.043673
0.042659
0.041640
0.040616
0.039587
0.038552
0.037513
0.036469
0.035420
0.034367
0.033310
0.032248
0.031183
0.030113
0.029040
0.027963
0.026882
0.025798
0.024711
0.023620
0.022527
0.021431
0.020332
0.019230
0.018126
0.017020
0.015912
0.014802
0.013689
0.012575
0.011460
0.010343
0.009225
0.008105
0.006985
0.005863
0.004741
0.003618
0.002495
0.001372
0.000248
0.000000
0.000000
0.000000
0.000000
0.000000
0.000000
0.000000
0.000000
0.000000
0.000000
0.000000
0.000000
0.000000
0.000000
0.000000
0.000000
0.000000
0.000000
0.000000
0.000000
0.000000
0.000000
0.000000
0.000000
0.000000
0.000000
0.000000
0.000000
0.000000
0.000000
0.000000
0.000000
0.000000
0.000000
0.000000
0.000000
0.000000
0.000000
0.000000
0.000000
0.000000
0.000000
0.000000
0.000000
0.000000
0.000000
0.000000
0.000000
0.000000
0.000000
0.000000
0.000000
0.000000
0.000000
0.000000
0.000000
0.000000
0.000000
0.000000
0.000000
0.000000
0.000000
0.000000
0.000000
0.000000
0.000000
0.000000
0.000000
0.000000
0.000000
0.000000
0.000000
0.000000
0.000000
0.000000
0.000000
0.000000
0.000000
0.000000
0.000000
0.000000
0.000000
0.000000
0.000000
0.000000
0.000000
0.000000
0.000000
0.000000
0.000000
0.000000
0.000000
0.000000
0.000000
0.000000
0.000000
0.000000
0.000000
0.000000
0.000000
0.000000
0.000000
0.000000
0.000000
0.000000
0.000000
0.000000
0.000000
0.000000
0.000000
0.000000
0.000000
0.000000
0.000000
0.000000
0.000000
0.000000
0.000000
0.000000
0.000000
0.000000
0.000000
0.000000
0.000000
0.000000
0.000000
0.000000
0.000000
0.000000
0.000000
0.000000
0.000000
0.000000
0.000000
0.000000
0.000000
0.000000
0.000000
0.000000
0.000000
0.000000
0.000000
0.000000
0.000000
0.000000
0.000000
0.000000
0.000000
0.000000
0.000000
0.000000
0.000000
0.000000
0.000000
0.000000
0.000000
0.000000
0.000000
0.000000
0.000000
0.000000
0.000000
0.000000
0.000000
0.000000
0.000000
0.000000
0.000000
0.000000
0.000000
0.000000
0.000000
0.000000
0.000000
0.000000
0.000000
0.000000
0.000000
0.000000
0.000000
0.000000
0.000000
0.000000
0.000000
0.000000
0.000000
0.000000
0.000000
0.000000
0.000000
0.000000
0.000000
0.000000
0.000000
0.000000
0.000000
0.000000
0.000000
0.000000
0.000000
0.000000
0.000000
0.000000
0.000000
0.000000
0.000000
0.000000
0.000000
0.000000
0.000000
0.000000
0.000000
0.000000
0.000000
0.000000
0.000000
0.000000
0.000000
0.000000
0.000000
0.000000
0.000000
0.000000
0.000000
0.000000
0.000000
0.000000
0.000000
0.000000
0.000000
0.000000
0.000000
0.000000
0.000000
0.000000
0.000000
0.000000
0.000000
0.000000
0.000000
0.000000
0.000000
0.000000
0.000000
0.000000
0.000000
0.000000
0.000000
0.000000
0.000000
0.000000
0.000000
0.000000
0.000000
0.000000
0.000000
0.000000
0.000000
0.000000
0.000000
0.000000
0.000000
0.000000
0.000000
0.000000
0.000000
0.000000
0.000000
0.000000
0.000000
0.000000
0.000000
0.000000
0.000000
0.000000
0.000000
0.000000
0.000000
0.000000
0.000000
0.000000
0.000000
0.000000
0.000000
0.000000
0.001123
0.002245
0.003367
0.004489
0.005610
0.006730
0.007850
0.008969
0.010086
0.011202
0.012317
0.013430
0.014542
0.015652
0.016759
0.017865
0.018968
0.020069
0.021168
0.022263
0.023356
0.024447
0.025533
0.026617
0.027698
0.028774
0.029848
0.030917
0.031983
0.033044
0.034102
0.035155
0.036204
0.037248
0.038287
0.039322
0.040352
0.041376
0.042395
0.043409
0.044418
0.045421
0.046418
0.047410
0.048395
0.049374
0.050347
0.051314
0.052274
0.053228
0.054175
0.055115
0.056048
0.056974
0.057893
0.058805
0.059709
0.060606
0.061495
0.062376
0.063250
0.064115
0.064973
0.065822
0.066663
0.067496
0.068320
0.069135
0.069942
0.070740
0.071529
0.072309
0.073079
0.073841
0.074593
0.075336
0.076070
0.076794
0.077508
0.078212
0.078907
0.079591
0.080266
0.080931
0.081585
0.082229
0.082862
0.083486
0.084098
0.084700
0.085292
0.085872
0.086442
0.087001
0.087549
0.088086
0.088612
0.089127
0.089630
0.090122
0.090603
0.091072
0.091530
0.091977
0.092411
0.092835
0.093246
0.093646
0.094034
0.094410
0.094774
0.095126
0.095466
0.095794
0.096110
0.096414
0.096706
0.096986
0.097253
0.097508
0.097751
0.097982
0.098200
0.098406
0.098599
0.098780
0.098949
0.099105
0.099249
0.099380
0.099498
0.099604
0.099698
0.099779
0.099847
0.099903
0.099946
0.099977
0.099990
0.099990
0.100000
0.099996
0.099981
0.099952
0.099911
0.099858
0.099791
0.099713
0.099621
0.099517
0.099401
0.099272
0.099131
0.098977
0.098810
0.098631
0.098440
0.098236
0.098020
0.097792
0.097551
0.097298
0.097033
0.096755
0.096465
0.096163
0.095849
0.095523
0.095185
0.094835
0.094473
0.094099
0.093713
0.093316
0.092906
0.092485
0.092052
0.091608
0.091152
0.090685
0.090206
0.089716
0.089214
0.088701
0.088177
0.087642
0.087096
0.086539
0.085971
0.085392
0.084803
0.084203
0.083592
0.082970
0.082339
0.081696
0.081044
0.080381
0.079708
0.079025
0.078332
0.077630
0.076917
0.076195
0.075463
0.074722
0.073971
0.073211
0.072442
0.071663
0.070876
0.070080
0.069274
0.068460
0.067638
0.066807
0.065967
0.065119
0.064263
0.063399
0.062527
0.061647
0.060759
0.059864
0.058961
0.058051
0.057133
0.056208
0.055276
0.054337
0.053391
0.052439
0.051480
0.050514
0.049542
0.048564
0.047579
0.046589
0.045593
0.044591
0.043583
0.042570
0.041552
0.040528
0.039499
0.038466
0.037427
0.036384
0.035336
0.034283
0.033227
0.032166
0.031101
0.030032
0.028959
0.027883
0.026803
0.025720
0.024634
0.023544
0.022452
0.021356
0.020258
0.019158
0.018055
0.016950
0.015842
0.014733
0.013622
0.012509
0.011394
0.010278
0.009161
0.008042
0.006923
0.005803
0.004682
0.003560
0.002438
0.001316
0.000193
0.000000
0.000000
0.000000
0.000000
0.000000
0.000000
0.000000
0.000000
0.000000
0.000000
0.000000
0.000000
0.000000
0.000000
0.000000
0.000000
0.000000
0.000000
0.000000
0.000000
0.000000
0.000000
0.000000
0.000000
0.000000
0.000000
0.000000
0.000000
0.000000
0.000000
0.000000
0.000000
0.000000
0.000000
0.000000
0.000000
0.000000
0.000000
0.000000
0.000000
0.000000
0.000000
0.000000
0.000000
0.000000
0.000000
0.000000
0.000000
0.000000
0.000000
0.000000
0.000000
0.000000
0.000000
0.000000
0.000000
0.000000
0.000000
0.000000
0.000000
0.000000
0.000000
0.000000
0.000000
0.000000
0.000000
0.000000
0.000000
0.000000
0.000000
0.000000
0.000000
0.000000
0.000000
0.000000
0.000000
0.000000
0.000000
0.000000
0.000000
0.000000
0.000000
0.000000
0.000000
0.000000
0.000000
0.000000
0.000000
0.000000
0.000000
0.000000
0.000000
0.000000
0.000000
0.000000
0.000000
0.000000
0.000000
0.000000
0.000000
0.000000
0.000000
0.000000
0.000000
0.000000
0.000000
0.000000
0.000000
0.000000
0.000000
0.000000
0.000000
0.000000
0.000000
0.000000
0.000000
0.000000
0.000000
0.000000
0.000000
0.000000
0.000000
0.000000
0.000000
0.000000
0.000000
0.000000
0.000000
0.000000
0.000000
0.000000
0.000000
0.000000
0.000000
0.000000
0.000000
0.000000
0.000000
0.000000
0.000000
0.000000
0.000000
0.000000
0.000000
0.000000
0.000000
0.000000
0.000000
0.000000
0.000000
0.000000
0.000000
0.000000
0.000000
0.000000
0.000000
0.000000
0.000000
0.000000
0.000000
0.000000
0.000000
0.000000
0.000000
0.000000
0.000000
0.000000
0.000000
0.000000
0.000000
0.000000
0.000000
0.000000
0.000000
0.000000
0.000000
0.000000
0.000000
0.000000
0.000000
0.000000
0.000000
0.000000
0.000000
0.000000
0.000000
0.000000
0.000000
0.000000
0.000000
0.000000
0.000000
0.000000
0.000000
0.000000
0.000000
0.000000
0.000000
0.000000
0.000000
0.000000
0.000000
0.000000
0.000000
0.000000
0.000000
0.000000
0.000000
0.000000
0.000000
0.000000
0.000000
0.000000
0.000000
0.000000
0.000000
0.000000
0.000000
0.000000
0.000000
0.000000
0.000000
0.000000
0.000000
0.000000
0.000000
0.000000
0.000000
0.000000
0.000000
0.000000
0.000000
0.000000
0.000000
0.000000
0.000000
0.000000
0.000000
0.000000
0.000000
0.000000
0.000000
0.000000
0.000000
0.000000
0.000000
0.000000
0.000000
0.000000
0.000000
0.000000
0.000000
0.000000
0.000000
0.000000
0.000000
0.000000
0.000000
0.000000
0.000000
0.000000
0.000000
0.000000
0.000000
0.000000
0.000000
0.000000
0.000000
0.000000
0.000000
0.000000
0.000000
0.000000
0.000000
0.000000
0.000000
0.000000
0.000000
0.000000
0.000000
0.000000
0.000000
0.000000
0.000000
0.000000
0.001122
0.002243
0.003365
0.004485
0.005606
0.006725
0.007844
0.008962
0.010079
0.011194
0.012308
0.013420
0.014531
0.015640
0.016747
0.017852
0.018954
0.020054
0.021152
0.022247
0.023339
0.024429
0.025515
0.026598
0.027677
0.028753
0.029826
0.030895
0.031960
0.033021
0.034077
0.035130
0.036178
0.037221
0.038260
0.039294
0.040323
0.041347
0.042366
0.043379
0.044387
0.045389
0.046386
0.047377
0.048362
0.049340
0.050313
0.051279
0.052239
0.053192
0.054139
0.055078
0.056011
0.056937
0.057856
0.058767
0.059671
0.060567
0.061456
0.062337
0.063210
0.064075
0.064932
0.065781
0.066622
0.067454
0.068278
0.069094
0.069900
0.070698
0.071487
0.072267
0.073037
0.073799
0.074551
0.075294
0.076028
0.076752
0.077466
0.078170
0.078865
0.079550
0.080224
0.080889
0.081543
0.082188
0.082821
0.083445
0.084058
0.084660
0.085252
0.085833
0.086403
0.086962
0.087510
0.088048
0.088574
0.089089
0.089593
0.090086
0.090567
0.091037
0.091495
0.091942
0.092378
0.092801
0.093213
0.093614
0.094002
0.094379
0.094744
0.095097
0.095438
0.095767
0.096083
0.096388
0.096681
0.096961
0.097230
0.097486
0.097730
0.097961
0.098180
0.098387
0.098582
0.098764
0.098933
0.099091
0.099235
0.099367
0.099487
0.099594
0.099689
0.099771
0.099841
0.099898
0.099942
0.099974
0.099993
0.099994
0.099994
0.100000
0.099994
0.099975
0.099944
0.099900
0.099844
0.099775
0.099693
0.099599
0.099492
0.099373
0.099242
0.099098
0.098941
0.098772
0.098590
0.098397
0.098190
0.097972
0.097741
0.097497
0.097242
0.096974
0.096694
0.096402
0.096098
0.095782
0.095453
0.095113
0.094760
0.094396
0.094020
0.093632
0.093232
0.092821
0.092397
0.091963
0.091516
0.091058
0.090589
0.090108
0.089616
0.089113
0.088598
0.088072
0.087536
0.086988
0.086429
0.085859
0.085279
0.084688
0.084086
0.083473
0.082851
0.082217
0.081573
0.080920
0.080255
0.079581
0.078897
0.078203
0.077499
0.076785
0.076061
0.075328
0.074586
0.073834
0.073073
0.072303
0.071523
0.070735
0.069937
0.069131
0.068316
0.067493
0.066661
0.065821
0.064972
0.064115
0.063250
0.062378
0.061497
0.060608
0.059712
0.058809
0.057898
0.056980
0.056054
0.055122
0.054182
0.053236
0.052283
0.051324
0.050358
0.049386
0.048407
0.047423
0.046432
0.045436
0.044434
0.043426
0.042413
0.041394
0.040371
0.039342
0.038308
0.037269
0.036226
0.035178
0.034126
0.033070
0.032009
0.030944
0.029876
0.028803
0.027727
0.026648
0.025565
0.024479
0.023390
0.022298
0.021203
0.020105
0.019005
0.017903
0.016798
0.015691
0.014582
0.013472
0.012359
0.011246
0.010130
0.009014
0.007896
0.006777
0.005658
0.004537
0.003417
0.002295
0.001174
0.000052
0.000000
0.000000
0.000000
0.000000
0.000000
0.000000
0.000000
0.000000
0.000000
0.000000
0.000000
0.000000
0.000000
0.000000
0.000000
0.000000
0.000000
0.000000
0.000000
0.000000
0.000000
0.000000
0.000000
0.000000
0.000000
0.000000
0.000000
0.000000
0.000000
0.000000
0.000000
0.000000
0.000000
0.000000
0.000000
0.000000
0.000000
0.000000
0.000000
0.000000
0.000000
0.000000
0.000000
0.000000
0.000000
0.000000
0.000000
0.000000
0.000000
0.000000
0.000000
0.000000
0.000000
0.000000
0.000000
0.000000
0.000000
0.000000
0.000000
0.000000
0.000000
0.000000
0.000000
0.000000
0.000000
0.000000
0.000000
0.000000
0.000000
0.000000
0.000000
0.000000
0.000000
0.000000
0.000000
0.000000
0.000000
0.000000
0.000000
0.000000
0.000000
0.000000
0.000000
0.000000
0.000000
0.000000
0.000000
0.000000
0.000000
0.000000
0.000000
0.000000
0.000000
0.000000
0.000000
0.000000
0.000000
0.000000
0.000000
0.000000
0.000000
0.000000
0.000000
0.000000
0.000000
0.000000
0.000000
0.000000
0.000000
0.000000
0.000000
0.000000
0.000000
0.000000
0.000000
0.000000
0.000000
0.000000
0.000000
0.000000
0.000000
0.000000
0.000000
0.000000
0.000000
0.000000
0.000000
0.000000
0.000000
0.000000
0.000000
0.000000
0.000000
0.000000
0.000000
0.000000
0.000000
0.000000
0.000000
0.000000
0.000000
0.000000
0.000000
0.000000
0.000000
0.000000
0.000000
0.000000
0.000000
0.000000
0.000000
0.000000
0.000000
0.000000
0.000000
0.000000
0.000000
0.000000
0.000000
0.000000
0.000000
0.000000
0.000000
0.000000
0.000000
0.000000
0.000000
0.000000
0.000000
0.000000
0.000000
0.000000
0.000000
0.000000
0.000000
0.000000
0.000000
0.000000
0.000000
0.000000
0.000000
0.000000
0.000000
0.000000
0.000000
0.000000
0.000000
0.000000
0.000000
0.000000
0.000000
0.000000
0.000000
0.000000
0.000000
0.000000
0.000000
0.000000
0.000000
0.000000
0.000000
0.000000
0.000000
0.000000
0.000000
0.000000
0.000000
0.000000
0.000000
0.000000
0.000000
0.000000
0.000000
0.000000
0.000000
0.000000
0.000000
0.000000
0.000000
0.000000
0.000000
0.000000
0.000000
0.000000
0.000000
0.000000
0.000000
0.000000
0.000000
0.000000
0.000000
0.000000
0.000000
0.000000
0.000000
0.000000
0.000000
0.000000
0.000000
0.000000
0.000000
0.000000
0.000000
0.000000
0.000000
0.000000
0.000000
0.000000
0.000000
0.000000
0.000000
0.000000
0.000000
0.000000
0.000000
0.000000
0.000000
0.000000
0.000000
0.000000
0.000000
0.000000
0.000000
0.000000
0.000000
0.000000
0.000000
0.000000
0.000000
0.000000
0.000000
0.000000
0.000000
0.000000
0.000000
0.000000
0.000000
0.000000
0.000000
0.000000
0.000000
0.000000
0.000000
0.000000
0.000000
0.001121
0.002242
0.003363
0.004484
0.005604
0.006723
0.007841
0.008959
0.010075
0.011190
0.012303
0.013415
0.014526
0.015634
0.016741
0.017845
0.018947
0.020047
0.021144
0.022239
0.023331
0.024420
0.025506
0.026588
0.027668
0.028743
0.029816
0.030884
0.031949
0.033009
0.034065
0.035118
0.036165
0.037208
0.038247
0.039280
0.040309
0.041333
0.042351
0.043364
0.044372
0.045374
0.046371
0.047361
0.048346
0.049324
0.050297
0.051263
0.052222
0.053175
0.054121
0.055061
0.055993
0.056919
0.057837
0.058748
0.059652
0.060548
0.061437
0.062318
0.063191
0.064056
0.064913
0.065762
0.066602
0.067435
0.068258
0.069074
0.069880
0.070678
0.071467
0.072246
0.073017
0.073779
0.074531
0.075274
0.076007
0.076731
0.077445
0.078150
0.078845
0.079529
0.080204
0.080869
0.081523
0.082168
0.082802
0.083425
0.084038
0.084641
0.085232
0.085813
0.086384
0.086943
0.087492
0.088029
0.088556
0.089071
0.089575
0.090068
0.090550
0.091020
0.091478
0.091926
0.092361
0.092785
0.093198
0.093598
0.093987
0.094364
0.094729
0.095083
0.095424
0.095753
0.096071
0.096376
0.096669
0.096950
0.097218
0.097475
0.097719
0.097951
0.098171
0.098378
0.098573
0.098756
0.098926
0.099084
0.099229
0.099361
0.099482
0.099590
0.099685
0.099767
0.099838
0.099895
0.099940
0.099973
0.099993
0.099996
0.099996
0.100000
0.099990
0.099969
0.099934
0.099887
0.099828
0.099756
0.099671
0.099574
0.099464
0.099342
0.099208
0.099061
0.098901
0.098729
0.098545
0.098348
0.098139
0.097917
0.097683
0.097437
0.097179
0.096908
0.096625
0.096330
0.096023
0.095704
0.095373
0.095030
0.094675
0.094308
0.093929
0.093539
0.093136
0.092722
0.092296
0.091859
0.091410
0.090950
0.090478
0.089994
0.089500
0.088994
0.088477
0.087949
0.087410
0.086860
0.086299
0.085727
0.085144
0.084550
0.083946
0.083332
0.082707
0.082071
0.081425
0.080769
0.080103
0.079427
0.078741
0.078044
0.077338
0.076623
0.075897
0.075162
0.074418
0.073664
0.072902
0.072129
0.071348
0.070558
0.069759
0.068951
0.068135
0.067310
0.066476
0.065634
0.064784
0.063926
0.063060
0.062185
0.061303
0.060414
0.059516
0.058612
0.057699
0.056780
0.055853
0.054920
0.053979
0.053032
0.052078
0.051117
0.050150
0.049177
0.048198
0.047212
0.046221
0.045223
0.044221
0.043212
0.042198
0.041179
0.040154
0.039125
0.038091
0.037051
0.036008
0.034959
0.033907
0.032849
0.031788
0.030723
0.029654
0.028581
0.027505
0.026425
0.025342
0.024256
0.023167
0.022074
0.020979
0.019882
0.018781
0.017679
0.016574
0.015467
0.014359
0.013248
0.012136
0.011022
0.009907
0.008790
0.007673
0.006554
0.005435
0.004315
0.003194
0.002074
0.000952
0.000000
