-0.100000
-0.094214
-0.088427
-0.082641
-0.076855
-0.071069
-0.065282
-0.059496
-0.053710
-0.047924
-0.042137
-0.036351
-0.030565
-0.024778
-0.018992
-0.013206
-0.007420
-0.001633
0.004153
0.009939
0.015726
0.021512
0.027298
0.033084
0.038871
0.044657
0.050443
0.056229
0.062016
0.067802
0.073588
0.079375
0.085161
0.090947
0.096733
0.102520
0.108306
0.114092
0.119879
0.125665
0.131451
0.137237
0.143024
0.148810
0.154596
0.160382
0.166169
0.171955
0.177741
0.183528
0.189314
0.195100
0.200886
0.206673
0.212459
0.218245
0.224031
0.229818
0.235604
0.241390
0.247177
0.252963
0.258749
0.264535
0.270322
0.276108
0.281894
0.287681
0.293467
0.299253
0.305039
0.310826
0.316612
0.322398
0.328184
0.333971
0.339757
0.345543
0.351330
0.357116
0.362902
0.368688
0.374475
0.380261
0.386047
0.391834
0.397620
0.403406
0.409192
0.414979
0.420765
0.426551
0.432337
0.438124
0.443910
0.449696
0.455483
0.461269
0.467055
0.472841
0.478628
0.484414
0.490200
0.495986
0.501773
0.507559
0.513345
0.519132
0.524918
0.530704
0.536490
0.542277
0.548063
0.553849
0.559636
0.565422
0.571208
0.576994
0.582781
0.588567
0.594353
0.600139
0.605926
0.611712
0.617498
0.623285
0.629071
0.634857
0.640643
0.646430
0.652216
0.658002
0.663789
0.669575
0.675361
0.681147
0.686934
0.692720
0.698506
0.704292
0.710079
0.710079
0.710079
0.710079
0.710079
0.710079
0.710079
0.710079
0.710079
0.710079
0.710079
0.710079
0.710079
0.710079
0.710079
0.710079
0.710079
0.710079
0.710079
0.710079
0.710079
0.710079
0.710079
0.710079
0.710079
0.710079
0.710079
0.710079
0.710079
0.710079
0.710079
0.710079
0.710079
0.710079
0.710079
0.710079
0.710079
0.710079
0.710079
0.710079
0.710079
0.710079
0.710079
0.710079
0.710079
0.710079
0.710079
0.710079
0.710079
0.710079
0.710079
0.710079
0.710079
0.710079
0.710079
0.710079
0.710079
0.710079
0.710079
0.710079
0.710079
0.710079
0.710079
0.710079
0.710079
0.710079
0.710079
0.710079
0.710079
0.710079
0.710079
0.710079
0.710079
0.710079
0.710079
0.710079
0.710079
0.710079
0.710079
0.710079
0.710079
0.710079
0.710079
0.710079
0.710079
0.710079
0.710079
0.710079
0.710079
0.710079
0.710079
0.710079
0.710079
0.710079
0.710079
0.710079
0.710079
0.710079
0.710079
0.710079
0.710079
0.710079
0.710079
0.710079
0.710079
0.710079
0.710079
0.710079
0.710079
0.710079
0.710079
0.710079
0.710079
0.710079
0.710079
0.710079
0.710079
0.710079
0.710079
0.710079
0.710079
0.710079
0.710079
0.710079
0.710079
0.710079
0.710079
0.710079
0.710079
0.710079
0.710079
0.710079
0.710079
0.710079
0.710079
0.710079
0.710079
0.710079
0.710079
0.710079
0.710079
0.710079
0.710079
0.710079
0.710079
0.710079
0.710079
0.710079
0.710079
0.710079
0.710079
0.710079
0.710079
0.710079
0.710079
0.710079
0.710079
0.710079
0.710079
0.710079
0.710079
0.710079
0.710079
0.710079
0.710079
0.710079
0.710079
0.710079
0.710079
0.710079
0.710079
0.710079
0.710079
0.710079
0.710079
0.710079
0.710079
0.710079
0.710079
0.710079
0.710079
0.710079
0.710079
0.710079
0.710079
0.710079
0.710079
0.710079
0.710079
0.710079
0.710079
0.710079
0.710079
0.710079
0.710079
0.710079
0.710079
0.710079
0.710079
0.710079
0.710079
0.710079
0.710079
0.710079
0.710079
0.710079
0.710079
0.710079
0.710079
0.710079
0.710079
0.710079
0.710079
0.710079
0.710079
0.710079
0.710079
0.710079
0.710079
0.710079
0.710079
0.710079
0.710079
0.710079
0.710079
0.710079
0.710079
0.710079
0.710079
0.710079
0.710079
0.710079
0.710079
0.710079
0.710079
0.710079
0.710079
0.710079
0.710079
0.710079
0.710079
0.710079
0.710079
0.710079
0.710079
0.710079
0.710079
0.710079
0.710079
0.710079
0.710079
0.710079
0.710079
0.710079
0.710079
0.710079
0.710079
0.710079
0.710079
0.710079
0.710079
0.710079
0.710079
0.710079
0.710079
0.715982
0.721885
0.727788
0.733692
0.739595
0.745498
0.751401
0.757304
0.763207
0.769111
0.775014
0.780917
0.786820
0.792723
0.798627
0.804530
0.810433
0.816336
0.822239
0.828143
0.834046
0.839949
0.845852
0.851755
0.857659
0.863562
0.869465
0.875368
0.881271
0.887175
0.893078
0.898981
0.904884
0.910787
0.916691
0.922594
0.928497
0.934400
0.940303
0.946206
0.952110
0.958013
0.963916
0.969819
0.975722
0.981626
0.987529
0.993432
0.999335
1.005238
1.011142
1.017045
1.022948
1.028851
1.034754
1.040658
1.046561
1.052464
1.058367
1.064270
1.070174
1.076077
1.081980
1.087883
1.093786
1.099690
1.105593
1.111496
1.117399
1.123302
1.129206
1.135109
1.141012
1.146915
1.152818
1.158721
1.164625
1.170528
1.176431
1.182334
1.188237
1.194141
1.200044
1.205947
1.211850
1.217753
1.223657
1.229560
1.235463
1.241366
1.247269
1.253173
1.259076
1.264979
1.270882
1.276785
1.282689
1.288592
1.294495
1.300398
1.306301
1.312205
1.318108
1.324011
1.329914
1.335817
1.341720
1.347624
1.353527
1.359430
1.365333
1.371236
1.377140
1.383043
1.388946
1.394849
1.400752
1.406656
1.412559
1.418462
1.424365
1.430268
1.436172
1.442075
1.447978
1.453881
1.459784
1.465688
1.471591
1.477494
1.483397
1.489300
1.495204
1.501107
1.507010
1.512913
1.518816
1.524720
1.530623
1.536526
1.542429
1.548332
1.554235
1.560139
1.566042
1.571945
1.577848
1.583751
1.589655
1.595558
1.601461
1.607364
1.613267
1.619171
1.625074
1.630977
1.636880
1.642783
1.648687
1.654590
1.660493
1.666396
1.672299
1.678203
1.684106
1.690009
1.695912
1.701815
1.707719
1.713622
1.719525
1.725428
1.731331
1.737234
1.743138
1.749041
1.754944
1.760847
1.766750
1.772654
1.778557
1.784460
1.790363
1.796266
1.802170
1.808073
1.813976
1.819879
1.825782
1.831686
1.837589
1.843492
1.849395
1.855298
1.861202
1.867105
1.873008
1.878911
1.884814
1.890718
1.896621
1.902524
1.908427
1.914330
1.920234
1.926137
1.932040
1.937943
1.943846
1.949749
1.955653
1.961556
1.967459
1.973362
1.979265
1.985169
1.991072
1.996975
2.002878
2.008781
2.014685
2.020588
2.026491
2.032394
2.038297
2.044201
2.050104
2.056007
2.061910
2.067813
2.073717
2.079620
2.085523
2.091426
2.097329
2.103233
2.109136
2.115039
2.120942
2.126845
2.132748
2.138652
2.144555
2.150458
2.156361
2.162264
2.168168
2.174071
2.179974
2.185877
2.191780
2.197684
2.203587
2.209490
2.215393
2.221296
2.227200
2.233103
2.239006
2.244909
2.250812
2.256716
2.262619
2.268522
2.278180
2.278180
2.278180
2.278180
2.278180
2.278180
2.278180
2.278180
2.278180
2.278180
2.278180
2.278180
2.278180
2.278180
2.278180
2.278180
2.278180
2.278180
2.278180
2.278180
2.278180
2.278180
2.278180
2.278180
2.278180
2.278180
2.278180
2.278180
2.278180
2.278180
2.278180
2.278180
2.278180
2.278180
2.278180
2.278180
2.278180
2.278180
2.278180
2.278180
2.278180
2.278180
2.278180
2.278180
2.278180
2.278180
2.278180
2.278180
2.278180
2.278180
2.278180
2.278180
2.278180
2.278180
2.278180
2.278180
2.278180
2.278180
2.278180
2.278180
2.278180
2.278180
2.278180
2.278180
2.278180
2.278180
2.278180
2.278180
2.278180
2.278180
2.278180
2.278180
2.278180
2.278180
2.278180
2.278180
2.278180
2.278180
2.278180
2.278180
2.278180
2.278180
2.278180
2.278180
2.278180
2.278180
2.278180
2.278180
2.278180
2.278180
2.278180
2.278180
2.278180
2.278180
2.278180
2.278180
2.278180
2.278180
2.278180
2.278180
2.278180
2.278180
2.278180
2.278180
2.278180
2.278180
2.278180
2.278180
2.278180
2.278180
2.278180
2.278180
2.278180
2.278180
2.278180
2.278180
2.278180
2.278180
2.278180
2.278180
2.278180
2.278180
2.278180
2.278180
2.278180
2.278180
2.278180
2.278180
2.278180
2.278180
2.278180
2.278180
2.278180
2.278180
2.278180
2.278180
2.278180
2.278180
2.278180
2.278180
2.278180
2.278180
2.278180
2.278180
2.278180
2.278180
2.278180
2.278180
2.278180
2.278180
2.278180
2.278180
2.278180
2.278180
2.278180
2.278180
2.278180
2.278180
2.278180
2.278180
2.278180
2.278180
2.278180
2.278180
2.278180
2.278180
2.278180
2.278180
2.278180
2.278180
2.278180
2.278180
2.278180
2.278180
2.278180
2.278180
2.278180
2.278180
2.278180
2.278180
2.278180
2.278180
2.278180
2.278180
2.278180
2.278180
2.278180
2.278180
2.278180
2.278180
2.278180
2.278180
2.278180
2.278180
2.278180
2.278180
2.278180
2.278180
2.278180
2.278180
2.278180
2.278180
2.278180
2.278180
2.278180
2.278180
2.278180
2.278180
2.278180
2.278180
2.278180
2.278180
2.278180
2.278180
2.278180
2.278180
2.278180
2.278180
2.278180
2.278180
2.278180
2.278180
2.278180
2.278180
2.278180
2.278180
2.278180
2.278180
2.278180
2.278180
2.278180
2.278180
2.278180
2.278180
2.278180
2.278180
2.278180
2.278180
2.278180
2.278180
2.278180
2.278180
2.278180
2.278180
2.278180
2.278180
2.278180
2.278180
2.278180
2.278180
2.278180
2.278180
2.278180
2.278180
2.278180
2.278180
2.278180
2.278180
2.278180
2.278180
2.278180
2.278180
2.278180
2.278180
2.278180
2.278180
2.278180
2.278180
2.278180
2.278180
2.284506
2.290833
2.297160
2.303486
2.309813
2.316139
2.322466
2.328793
2.335119
2.341446
2.347773
2.354099
2.360426
2.366752
2.373079
2.379406
2.385732
2.392059
2.398386
2.404712
2.411039
2.417365
2.423692
2.430019
2.436345
2.442672
2.448999
2.455325
2.461652
2.467978
2.474305
2.480632
2.486958
2.493285
2.499611
2.505938
2.512265
2.518591
2.524918
2.531245
2.537571
2.543898
2.550224
2.556551
2.562878
2.569204
2.575531
2.581858
2.588184
2.594511
2.600837
2.607164
2.613491
2.619817
2.626144
2.632471
2.638797
2.645124
2.651450
2.657777
2.664104
2.670430
2.676757
2.683083
2.689410
2.695737
2.702063
2.708390
2.714717
2.721043
2.727370
2.733696
2.740023
2.746350
2.752676
2.759003
2.765330
2.771656
2.777983
2.784309
2.790636
2.796963
2.803289
2.809616
2.815943
2.822269
2.828596
2.834922
2.841249
2.847576
2.853902
2.860229
2.866555
2.872882
2.879209
2.885535
2.891862
2.898189
2.904515
2.910842
2.917168
2.923495
2.929822
2.936148
2.942475
2.948802
2.955128
2.961455
2.967781
2.974108
2.980435
2.986761
2.993088
2.999415
3.005741
3.012068
3.018394
3.024721
3.031048
3.037374
3.043701
3.050027
3.056354
3.062681
3.069007
3.075334
3.081661
3.087987
3.094314
3.100640
3.106967
3.113294
3.119620
3.125947
3.132274
3.138600
3.144927
3.151253
3.157580
3.163907
3.170233
3.176560
3.182887
3.189213
3.195540
3.201866
3.208193
3.214520
3.220846
3.227173
3.233499
3.239826
3.246153
3.252479
3.258806
3.265133
3.271459
3.277786
3.284112
3.290439
3.296766
3.303092
3.309419
3.315746
3.322072
3.328399
3.334725
3.341052
3.347379
3.353705
3.360032
3.366358
3.372685
3.379012
3.385338
3.391665
3.397992
3.404318
3.410645
3.416971
3.423298
3.429625
3.435951
3.442278
3.448605
3.454931
3.461258
3.467584
3.473911
3.480238
3.486564
3.492891
3.499218
3.505544
3.511871
3.518197
3.524524
3.530851
3.537177
3.543504
3.549830
3.556157
3.562484
3.568810
3.575137
3.581464
3.587790
3.594117
3.600443
3.606770
3.613097
3.619423
3.625750
3.632077
3.638403
3.644730
3.651056
3.657383
3.663710
3.670036
3.676363
3.682690
3.689016
3.695343
3.701669
3.707996
3.714323
3.720649
3.726976
3.733302
3.739629
3.745956
3.752282
3.758609
3.764936
3.771262
3.777589
3.783915
3.790242
3.796569
3.802895
3.809222
3.815549
3.821875
3.828202
3.834528
3.840855
3.847182
3.853508
3.859835
3.866162
3.872488
3.878815
3.885141
3.891468
3.897795
3.904121
3.910448
3.916774
3.923101
3.929428
3.935754
3.942081
3.948408
3.954734
3.961061
3.967387
3.973714
3.984850
3.984850
3.984850
3.984850
3.984850
3.984850
3.984850
3.984850
3.984850
3.984850
3.984850
3.984850
3.984850
3.984850
3.984850
3.984850
3.984850
3.984850
3.984850
3.984850
3.984850
3.984850
3.984850
3.984850
3.984850
3.984850
3.984850
3.984850
3.984850
3.984850
3.984850
3.984850
3.984850
3.984850
3.984850
3.984850
3.984850
3.984850
3.984850
3.984850
3.984850
3.984850
3.984850
3.984850
3.984850
3.984850
3.984850
3.984850
3.984850
3.984850
3.984850
3.984850
3.984850
3.984850
3.984850
3.984850
3.984850
3.984850
3.984850
3.984850
3.984850
3.984850
3.984850
3.984850
3.984850
3.984850
3.984850
3.984850
3.984850
3.984850
3.984850
3.984850
3.984850
3.984850
3.984850
3.984850
3.984850
3.984850
3.984850
3.984850
3.984850
3.984850
3.984850
3.984850
3.984850
3.984850
3.984850
3.984850
3.984850
3.984850
3.984850
3.984850
3.984850
3.984850
3.984850
3.984850
3.984850
3.984850
3.984850
3.984850
3.984850
3.984850
3.984850
3.984850
3.984850
3.984850
3.984850
3.984850
3.984850
3.984850
3.984850
3.984850
3.984850
3.984850
3.984850
3.984850
3.984850
3.984850
3.984850
3.984850
3.984850
3.984850
3.984850
3.984850
3.984850
3.984850
3.984850
3.984850
3.984850
3.984850
3.984850
3.984850
3.984850
3.984850
3.984850
3.984850
3.984850
3.984850
3.984850
3.984850
3.984850
3.984850
3.984850
3.984850
3.984850
3.984850
3.984850
3.984850
3.984850
3.984850
3.984850
3.984850
3.984850
3.984850
3.984850
3.984850
3.984850
3.984850
3.984850
3.984850
3.984850
3.984850
3.984850
3.984850
3.984850
3.984850
3.984850
3.984850
3.984850
3.984850
3.984850
3.984850
3.984850
3.984850
3.984850
3.984850
3.984850
3.984850
3.984850
3.984850
3.984850
3.984850
3.984850
3.984850
3.984850
3.984850
3.984850
3.984850
3.984850
3.984850
3.984850
3.984850
3.984850
3.984850
3.984850
3.984850
3.984850
3.984850
3.984850
3.984850
3.984850
3.984850
3.984850
3.984850
3.984850
3.984850
3.984850
3.984850
3.984850
3.984850
3.984850
3.984850
3.984850
3.984850
3.984850
3.984850
3.984850
3.984850
3.984850
3.984850
3.984850
3.984850
3.984850
3.984850
3.984850
3.984850
3.984850
3.984850
3.984850
3.984850
3.984850
3.984850
3.984850
3.984850
3.984850
3.984850
3.984850
3.984850
3.984850
3.984850
3.984850
3.984850
3.984850
3.984850
3.984850
3.984850
3.984850
3.984850
3.984850
3.984850
3.984850
3.984850
3.984850
3.984850
3.984850
3.984850
3.984850
3.984850
3.984850
3.984850
3.984850
3.984850
3.984850
3.984850
3.984850
3.984850
3.984850
3.984850
3.984850
3.984850
3.984850
3.984850
3.984850
3.991465
3.998080
4.004694
4.011309
4.017924
4.024538
4.031153
4.037768
4.044382
4.050997
4.057611
4.064226
4.070841
4.077455
4.084070
4.090685
4.097299
4.103914
4.110529
4.117143
4.123758
4.130373
4.136987
4.143602
4.150217
4.156831
4.163446
4.170060
4.176675
4.183290
4.189904
4.196519
4.203134
4.209748
4.216363
4.222978
4.229592
4.236207
4.242822
4.249436
4.256051
4.262666
4.269280
4.275895
4.282509
4.289124
4.295739
4.302353
4.308968
4.315583
4.322197
4.328812
4.335427
4.342041
4.348656
4.355271
4.361885
4.368500
4.375115
4.381729
4.388344
4.394958
4.401573
4.408188
4.414802
4.421417
4.428032
4.434646
4.441261
4.447876
4.454490
4.461105
4.467720
4.474334
4.480949
4.487564
4.494178
4.500793
4.507407
4.514022
4.520637
4.527251
4.533866
4.540481
4.547095
4.553710
4.560325
4.566939
4.573554
4.580169
4.586783
4.593398
4.600013
4.606627
4.613242
4.619856
4.626471
4.633086
4.639700
4.646315
4.652930
4.659544
4.666159
4.672774
4.679388
4.686003
4.692618
4.699232
4.705847
4.712462
4.719076
4.725691
4.732305
4.738920
4.745535
4.752149
4.758764
4.765379
4.771993
4.778608
4.785223
4.791837
4.798452
4.805067
4.811681
4.818296
4.824911
4.831525
4.838140
4.844754
4.851369
4.857984
4.864598
4.871213
4.877828
4.884442
4.891057
4.897672
4.904286
4.910901
4.917516
4.924130
4.930745
4.937360
4.943974
4.950589
4.957203
4.963818
4.970433
4.977047
4.983662
4.990277
4.996891
5.003506
5.010121
5.016735
5.023350
5.029965
5.036579
5.043194
5.049809
5.056423
5.063038
5.069652
5.076267
5.082882
5.089496
5.096111
5.102726
5.109340
5.115955
5.122570
5.129184
5.135799
5.142414
5.149028
5.155643
5.162258
5.168872
5.175487
5.182101
5.188716
5.195331
5.201945
5.208560
5.215175
5.221789
5.228404
5.235019
5.241633
5.248248
5.254863
5.261477
5.268092
5.274707
5.281321
5.287936
5.294550
5.301165
5.307780
5.314394
5.321009
5.327624
5.334238
5.340853
5.347468
5.354082
5.360697
5.367312
5.373926
5.380541
5.387156
5.393770
5.400385
5.406999
5.413614
5.420229
5.426843
5.433458
5.440073
5.446687
5.453302
5.459917
5.466531
5.473146
5.479761
5.486375
5.492990
5.499605
5.506219
5.512834
5.519448
5.526063
5.532678
5.539292
5.545907
5.552522
5.559136
5.565751
5.572366
5.578980
5.585595
5.592210
5.598824
5.605439
5.612054
5.618668
5.625283
5.631897
5.638512
5.645127
5.651741
5.658356
5.664971
5.671585
5.678200
5.684815
5.691429
5.698044
5.704659
5.711273
5.717888
5.724503
5.731117
5.737732
5.744346
5.750961
5.757576
5.764190
5.770805
5.777420
5.788701
5.788701
5.788701
5.788701
5.788701
5.788701
5.788701
5.788701
5.788701
5.788701
5.788701
5.788701
5.788701
5.788701
5.788701
5.788701
5.788701
5.788701
5.788701
5.788701
5.788701
5.788701
5.788701
5.788701
5.788701
5.788701
5.788701
5.788701
5.788701
5.788701
5.788701
5.788701
5.788701
5.788701
5.788701
5.788701
5.788701
5.788701
5.788701
5.788701
5.788701
5.788701
5.788701
5.788701
5.788701
5.788701
5.788701
5.788701
5.788701
5.788701
5.788701
5.788701
5.788701
5.788701
5.788701
5.788701
5.788701
5.788701
5.788701
5.788701
5.788701
5.788701
5.788701
5.788701
5.788701
5.788701
5.788701
5.788701
5.788701
5.788701
5.788701
5.788701
5.788701
5.788701
5.788701
5.788701
5.788701
5.788701
5.788701
5.788701
5.788701
5.788701
5.788701
5.788701
5.788701
5.788701
5.788701
5.788701
5.788701
5.788701
5.788701
5.788701
5.788701
5.788701
5.788701
5.788701
5.788701
5.788701
5.788701
5.788701
5.788701
5.788701
5.788701
5.788701
5.788701
5.788701
5.788701
5.788701
5.788701
5.788701
5.788701
5.788701
5.788701
5.788701
5.788701
5.788701
5.788701
5.788701
5.788701
5.788701
5.788701
5.788701
5.788701
5.788701
5.788701
5.788701
5.788701
5.788701
5.788701
5.788701
5.788701
5.788701
5.788701
5.788701
5.788701
5.788701
5.788701
5.788701
5.788701
5.788701
5.788701
5.788701
5.788701
5.788701
5.788701
5.788701
5.788701
5.788701
5.788701
5.788701
5.788701
5.788701
5.788701
5.788701
5.788701
5.788701
5.788701
5.788701
5.788701
5.788701
5.788701
5.788701
5.788701
5.788701
5.788701
5.788701
5.788701
5.788701
5.788701
5.788701
5.788701
5.788701
5.788701
5.788701
5.788701
5.788701
5.788701
5.788701
5.788701
5.788701
5.788701
5.788701
5.788701
5.788701
5.788701
5.788701
5.788701
5.788701
5.788701
5.788701
5.788701
5.788701
5.788701
5.788701
5.788701
5.788701
5.788701
5.788701
5.788701
5.788701
5.788701
5.788701
5.788701
5.788701
5.788701
5.788701
5.788701
5.788701
5.788701
5.788701
5.788701
5.788701
5.788701
5.788701
5.788701
5.788701
5.788701
5.788701
5.788701
5.788701
5.788701
5.788701
5.788701
5.788701
5.788701
5.788701
5.788701
5.788701
5.788701
5.788701
5.788701
5.788701
5.788701
5.788701
5.788701
5.788701
5.788701
5.788701
5.788701
5.788701
5.788701
5.788701
5.788701
5.788701
5.788701
5.788701
5.788701
5.788701
5.788701
5.788701
5.788701
5.788701
5.788701
5.788701
5.788701
5.788701
5.788701
5.788701
5.788701
5.788701
5.788701
5.788701
5.788701
5.788701
5.788701
5.788701
5.788701
5.788701
5.788701
5.788701
5.788701
5.788701
5.788701
5.788701
5.788701
5.788701
5.795516
5.802330
5.809145
5.815960
5.822775
5.829590
5.836405
5.843219
5.850034
5.856849
5.863664
5.870479
5.877294
5.884108
5.890923
5.897738
5.904553
5.911368
5.918183
5.924997
5.931812
5.938627
5.945442
5.952257
5.959071
5.965886
5.972701
5.979516
5.986331
5.993146
5.999960
6.006775
6.013590
6.020405
6.027220
6.034035
6.040849
6.047664
6.054479
6.061294
6.068109
6.074924
6.081738
6.088553
6.095368
6.102183
6.108998
6.115813
6.122627
6.129442
6.136257
6.143072
6.149887
6.156702
6.163516
6.170331
6.177146
6.183961
6.190776
6.197591
6.204405
6.211220
6.218035
6.224850
6.231665
6.238480
6.245294
6.252109
6.258924
6.265739
6.272554
6.279369
6.286183
6.292998
6.299813
6.306628
6.313443
6.320258
6.327072
6.333887
6.340702
6.347517
6.354332
6.361147
6.367961
6.374776
6.381591
6.388406
6.395221
6.402036
6.408850
6.415665
6.422480
6.429295
6.436110
6.442925
6.449739
6.456554
6.463369
6.470184
6.476999
6.483814
6.490628
6.497443
6.504258
6.511073
6.517888
6.524703
6.531517
6.538332
6.545147
6.551962
6.558777
6.565592
6.572406
6.579221
6.586036
6.592851
6.599666
6.606481
6.613295
6.620110
6.626925
6.633740
6.640555
6.647370
6.654184
6.660999
6.667814
6.674629
6.681444
6.688259
6.695073
6.701888
6.708703
6.715518
6.722333
6.729148
6.735962
6.742777
6.749592
6.756407
6.763222
6.770037
6.776851
6.783666
6.790481
6.797296
6.804111
6.810926
6.817740
6.824555
6.831370
6.838185
6.845000
6.851815
6.858629
6.865444
6.872259
6.879074
6.885889
6.892704
6.899518
6.906333
6.913148
6.919963
6.926778
6.933593
6.940407
6.947222
6.954037
6.960852
6.967667
6.974482
6.981296
6.988111
6.994926
7.001741
7.008556
7.015371
7.022185
7.029000
7.035815
7.042630
7.049445
7.056260
7.063074
7.069889
7.076704
7.083519
7.090334
7.097149
7.103963
7.110778
7.117593
7.124408
7.131223
7.138038
7.144852
7.151667
7.158482
7.165297
7.172112
7.178927
7.185741
7.192556
7.199371
7.206186
7.213001
7.219816
7.226630
7.233445
7.240260
7.247075
7.253890
7.260705
7.267519
7.274334
7.281149
7.287964
7.294779
7.301594
7.308408
7.315223
7.322038
7.328853
7.335668
7.342483
7.349297
7.356112
7.362927
7.369742
7.376557
7.383372
7.390186
7.397001
7.403816
7.410631
7.417446
7.424261
7.431075
7.437890
7.444705
7.451520
7.458335
7.465150
7.471964
7.478779
7.485594
7.492409
7.499224
7.506039
7.512853
7.519668
7.526483
7.533298
7.540113
7.546928
7.553742
7.560557
7.567372
7.574187
7.581002
7.587817
7.594631
7.601446
7.608261
7.615076
7.621891
7.628706
7.635520
7.642335
7.649150
7.655965
7.662780
7.673583
7.673583
7.673583
7.673583
7.673583
7.673583
7.673583
7.673583
7.673583
7.673583
7.673583
7.673583
7.673583
7.673583
7.673583
7.673583
7.673583
7.673583
7.673583
7.673583
7.673583
7.673583
7.673583
7.673583
7.673583
7.673583
7.673583
7.673583
7.673583
7.673583
7.673583
7.673583
7.673583
7.673583
7.673583
7.673583
7.673583
7.673583
7.673583
7.673583
7.673583
7.673583
7.673583
7.673583
7.673583
7.673583
7.673583
7.673583
7.673583
7.673583
7.673583
7.673583
7.673583
7.673583
7.673583
7.673583
7.673583
7.673583
7.673583
7.673583
7.673583
7.673583
7.673583
7.673583
7.673583
7.673583
7.673583
7.673583
7.673583
7.673583
7.673583
7.673583
7.673583
7.673583
7.673583
7.673583
7.673583
7.673583
7.673583
7.673583
7.673583
7.673583
7.673583
7.673583
7.673583
7.673583
7.673583
7.673583
7.673583
7.673583
7.673583
7.673583
7.673583
7.673583
7.673583
7.673583
7.673583
7.673583
7.673583
7.673583
7.673583
7.673583
7.673583
7.673583
7.673583
7.673583
7.673583
7.673583
7.673583
7.673583
7.673583
7.673583
7.673583
7.673583
7.673583
7.673583
7.673583
7.673583
7.673583
7.673583
7.673583
7.673583
7.673583
7.673583
7.673583
7.673583
7.673583
7.673583
7.673583
7.673583
7.673583
7.673583
7.673583
7.673583
7.673583
7.673583
7.673583
7.673583
7.673583
7.673583
7.673583
7.673583
7.673583
7.673583
7.673583
7.673583
7.673583
7.673583
7.673583
7.673583
7.673583
7.673583
7.673583
7.673583
7.673583
7.673583
7.673583
7.673583
7.673583
7.673583
7.673583
7.673583
7.673583
7.673583
7.673583
7.673583
7.673583
7.673583
7.673583
7.673583
7.673583
7.673583
7.673583
7.673583
7.673583
7.673583
7.673583
7.673583
7.673583
7.673583
7.673583
7.673583
7.673583
7.673583
7.673583
7.673583
7.673583
7.673583
7.673583
7.673583
7.673583
7.673583
7.673583
7.673583
7.673583
7.673583
7.673583
7.673583
7.673583
7.673583
7.673583
7.673583
7.673583
7.673583
7.673583
7.673583
7.673583
7.673583
7.673583
7.673583
7.673583
7.673583
7.673583
7.673583
7.673583
7.673583
7.673583
7.673583
7.673583
7.673583
7.673583
7.673583
7.673583
7.673583
7.673583
7.673583
7.673583
7.673583
7.673583
7.673583
7.673583
7.673583
7.673583
7.673583
7.673583
7.673583
7.673583
7.673583
7.673583
7.673583
7.673583
7.673583
7.673583
7.673583
7.673583
7.673583
7.673583
7.673583
7.673583
7.673583
7.673583
7.673583
7.673583
7.673583
7.673583
7.673583
7.673583
7.673583
7.673583
7.673583
7.673583
7.673583
7.673583
7.673583
7.673583
7.673583
7.673583
7.673583
7.673583
7.673583
7.673583
7.673583
7.673583
7.673583
7.673583
7.673583
7.673583
7.673583
7.673583
7.673583
7.680511
7.687439
7.694367
7.701295
7.708223
7.715151
7.722079
7.729007
7.735935
7.742863
7.749791
7.756719
7.763647
7.770576
7.777504
7.784432
7.791360
7.798288
7.805216
7.812144
7.819072
7.826000
7.832928
7.839856
7.846784
7.853712
7.860640
7.867568
7.874496
7.881424
7.888352
7.895280
7.902208
7.909136
7.916064
7.922992
7.929920
7.936848
7.943776
7.950704
7.957632
7.964560
7.971488
7.978416
7.985344
7.992272
7.999200
8.006128
8.013056
8.019984
8.026912
8.033840
8.040768
8.047696
8.054624
8.061552
8.068480
8.075408
8.082336
8.089264
8.096192
8.103120
8.110048
8.116976
8.123904
8.130832
8.137760
8.144688
8.151616
8.158544
8.165472
8.172400
8.179328
8.186256
8.193184
8.200112
8.207040
8.213968
8.220896
8.227824
8.234752
8.241680
8.248608
8.255536
8.262464
8.269392
8.276320
8.283248
8.290176
8.297104
8.304032
8.310960
8.317888
8.324816
8.331744
8.338672
8.345600
8.352528
8.359456
8.366384
8.373312
8.380240
8.387168
8.394096
8.401024
8.407952
8.414880
8.421808
8.428736
8.435664
8.442592
8.449520
8.456448
8.463376
8.470304
8.477232
8.484160
8.491088
8.498016
8.504944
8.511872
8.518800
8.525728
8.532656
8.539585
8.546513
8.553441
8.560369
8.567297
8.574225
8.581153
8.588081
8.595009
8.601937
8.608865
8.615793
8.622721
8.629649
8.636577
8.643505
8.650433
8.657361
8.664289
8.671217
8.678145
8.685073
8.692001
8.698929
8.705857
8.712785
8.719713
8.726641
8.733569
8.740497
8.747425
8.754353
8.761281
8.768209
8.775137
8.782065
8.788993
8.795921
8.802849
8.809777
8.816705
8.823633
8.830561
8.837489
8.844417
8.851345
8.858273
8.865201
8.872129
8.879057
8.885985
8.892913
8.899841
8.906769
8.913697
8.920625
8.927553
8.934481
8.941409
8.948337
8.955265
8.962193
8.969121
8.976049
8.982977
8.989905
8.996833
9.003761
9.010689
9.017617
9.024545
9.031473
9.038401
9.045329
9.052257
9.059185
9.066113
9.073041
9.079969
9.086897
9.093825
9.100753
9.107681
9.114609
9.121537
9.128465
9.135393
9.142321
9.149249
9.156177
9.163105
9.170033
9.176961
9.183889
9.190817
9.197745
9.204673
9.211601
9.218529
9.225457
9.232385
9.239313
9.246241
9.253169
9.260097
9.267025
9.273953
9.280881
9.287809
9.294737
9.301666
9.308594
9.315522
9.322450
9.329378
9.336306
9.343234
9.350162
9.357090
9.364018
9.370946
9.377874
9.384802
9.391730
9.398658
9.405586
9.412514
9.419442
9.426370
9.433298
9.440226
9.447154
9.454082
9.461010
9.467938
9.474866
9.481794
9.488722
9.495650
9.502578
9.509506
9.516434
9.523362
9.530290
9.537218
9.544146
9.551074
9.558002
9.564930
9.571858
9.578786
9.585714
9.592642
9.599570
9.606498
9.613426
9.623129
9.623129
9.623129
9.623129
9.623129
9.623129
9.623129
9.623129
9.623129
9.623129
9.623129
9.623129
9.623129
9.623129
9.623129
9.623129
9.623129
9.623129
9.623129
9.623129
9.623129
9.623129
9.623129
9.623129
9.623129
9.623129
9.623129
9.623129
9.623129
9.623129
9.623129
9.623129
9.623129
9.623129
9.623129
9.623129
9.623129
9.623129
9.623129
9.623129
9.623129
9.623129
9.623129
9.623129
9.623129
9.623129
9.623129
9.623129
9.623129
9.623129
9.623129
9.623129
9.623129
9.623129
9.623129
9.623129
9.623129
9.623129
9.623129
9.623129
9.623129
9.623129
9.623129
9.623129
9.623129
9.623129
9.623129
9.623129
9.623129
9.623129
9.623129
9.623129
9.623129
9.623129
9.623129
9.623129
9.623129
9.623129
9.623129
9.623129
9.623129
9.623129
9.623129
9.623129
9.623129
9.623129
9.623129
9.623129
9.623129
9.623129
9.623129
9.623129
9.623129
9.623129
9.623129
9.623129
9.623129
9.623129
9.623129
9.623129
9.623129
9.623129
9.623129
9.623129
9.623129
9.623129
9.623129
9.623129
9.623129
9.623129
9.623129
9.623129
9.623129
9.623129
9.623129
9.623129
9.623129
9.623129
9.623129
9.623129
9.623129
9.623129
9.623129
9.623129
9.623129
9.623129
9.623129
9.623129
9.623129
9.623129
9.623129
9.623129
9.623129
9.623129
9.623129
9.623129
9.623129
9.623129
9.623129
9.623129
9.623129
9.623129
9.623129
9.623129
9.623129
9.623129
9.623129
9.623129
9.623129
9.623129
9.623129
9.623129
9.623129
9.623129
9.623129
9.623129
9.623129
9.623129
9.623129
9.623129
9.623129
9.623129
9.623129
9.623129
9.623129
9.623129
9.623129
9.623129
9.623129
9.623129
9.623129
9.623129
9.623129
9.623129
9.623129
9.623129
9.623129
9.623129
9.623129
9.623129
9.623129
9.623129
9.623129
9.623129
9.623129
9.623129
9.623129
9.623129
9.623129
9.623129
9.623129
9.623129
9.623129
9.623129
9.623129
9.623129
9.623129
9.623129
9.623129
9.623129
9.623129
9.623129
9.623129
9.623129
9.623129
9.623129
9.623129
9.623129
9.623129
9.623129
9.623129
9.623129
9.623129
9.623129
9.623129
9.623129
9.623129
9.623129
9.623129
9.623129
9.623129
9.623129
9.623129
9.623129
9.623129
9.623129
9.623129
9.623129
9.623129
9.623129
9.623129
9.623129
9.623129
9.623129
9.623129
9.623129
9.623129
9.623129
9.623129
9.623129
9.623129
9.623129
9.623129
9.623129
9.623129
9.623129
9.623129
9.623129
9.623129
9.623129
9.623129
9.623129
9.623129
9.623129
9.623129
9.623129
9.623129
9.623129
9.623129
9.623129
9.623129
9.623129
9.623129
9.623129
9.623129
9.623129
9.623129
9.623129
9.623129
9.623129
9.623129
9.623129
9.623129
9.623129
9.623129
9.623129
9.623129
9.623129
9.623129
9.623129
9.623129
9.623129
9.623129
9.630137
9.637146
9.644154
9.651162
9.658170
9.665178
9.672186
9.679194
9.686202
9.693210
9.700218
9.707226
9.714234
9.721242
9.728250
9.735258
9.742266
9.749274
9.756282
9.763290
9.770298
9.777306
9.784314
9.791322
9.798330
9.805338
9.812346
9.819355
9.826363
9.833371
9.840379
9.847387
9.854395
9.861403
9.868411
9.875419
9.882427
9.889435
9.896443
9.903451
9.910459
9.917467
9.924475
9.931483
9.938491
9.945499
9.952507
9.959515
9.966523
9.973531
9.980539
9.987547
9.994556
10.001564
10.008572
10.015580
10.022588
10.029596
10.036604
10.043612
10.050620
10.057628
10.064636
10.071644
10.078652
10.085660
10.092668
10.099676
10.106684
10.113692
10.120700
10.127708
10.134716
10.141724
10.148732
10.155740
10.162748
10.169756
10.176765
10.183773
10.190781
10.197789
10.204797
10.211805
10.218813
10.225821
10.232829
10.239837
10.246845
10.253853
10.260861
10.267869
10.274877
10.281885
10.288893
10.295901
10.302909
10.309917
10.316925
10.323933
10.330941
10.337949
10.344957
10.351965
10.358974
10.365982
10.372990
10.379998
10.387006
10.394014
10.401022
10.408030
10.415038
10.422046
10.429054
10.436062
10.443070
10.450078
10.457086
10.464094
10.471102
10.478110
10.485118
10.492126
10.499134
10.506142
10.513150
10.520158
10.527166
10.534175
10.541183
10.548191
10.555199
10.562207
10.569215
10.576223
10.583231
10.590239
10.597247
10.604255
10.611263
10.618271
10.625279
10.632287
10.639295
10.646303
10.653311
10.660319
10.667327
10.674335
10.681343
10.688351
10.695359
10.702367
10.709375
10.716384
10.723392
10.730400
10.737408
10.744416
10.751424
10.758432
10.765440
10.772448
10.779456
10.786464
10.793472
10.800480
10.807488
10.814496
10.821504
10.828512
10.835520
10.842528
10.849536
10.856544
10.863552
10.870560
10.877568
10.884576
10.891585
10.898593
10.905601
10.912609
10.919617
10.926625
10.933633
10.940641
10.947649
10.954657
10.961665
10.968673
10.975681
10.982689
10.989697
10.996705
11.003713
11.010721
11.017729
11.024737
11.031745
11.038753
11.045761
11.052769
11.059777
11.066785
11.073794
11.080802
11.087810
11.094818
11.101826
11.108834
11.115842
11.122850
11.129858
11.136866
11.143874
11.150882
11.157890
11.164898
11.171906
11.178914
11.185922
11.192930
11.199938
11.206946
11.213954
11.220962
11.227970
11.234978
11.241986
11.248995
11.256003
11.263011
11.270019
11.277027
11.284035
11.291043
11.298051
11.305059
11.312067
11.319075
11.326083
11.333091
11.340099
11.347107
11.354115
11.361123
11.368131
11.375139
11.382147
11.389155
11.396163
11.403171
11.410179
11.417187
11.424195
11.431204
11.438212
11.445220
11.452228
11.459236
11.466244
11.473252
11.480260
11.487268
11.494276
11.501284
11.508292
11.515300
11.522308
11.529316
11.536324
11.543332
11.550340
11.557348
11.564356
11.571364
11.578372
11.585380
11.592388
11.599396
11.606404
11.614328
11.614328
11.614328
11.614328
11.614328
11.614328
11.614328
11.614328
11.614328
11.614328
11.614328
11.614328
11.614328
11.614328
11.614328
11.614328
11.614328
11.614328
11.614328
11.614328
11.614328
11.614328
11.614328
11.614328
11.614328
11.614328
11.614328
11.614328
11.614328
11.614328
11.614328
11.614328
11.614328
11.614328
11.614328
11.614328
11.614328
11.614328
11.614328
11.614328
11.614328
11.614328
11.614328
11.614328
11.614328
11.614328
11.614328
11.614328
11.614328
11.614328
11.614328
11.614328
11.614328
11.614328
11.614328
11.614328
11.614328
11.614328
11.614328
11.614328
11.614328
11.614328
11.614328
11.614328
11.614328
11.614328
11.614328
11.614328
11.614328
11.614328
11.614328
11.614328
11.614328
11.614328
11.614328
11.614328
11.614328
11.614328
11.614328
11.614328
11.614328
11.614328
11.614328
11.614328
11.614328
11.614328
11.614328
11.614328
11.614328
11.614328
11.614328
11.614328
11.614328
11.614328
11.614328
11.614328
11.614328
11.614328
11.614328
11.614328
11.614328
11.614328
11.614328
11.614328
11.614328
11.614328
11.614328
11.614328
11.614328
11.614328
11.614328
11.614328
11.614328
11.614328
11.614328
11.614328
11.614328
11.614328
11.614328
11.614328
11.614328
11.614328
11.614328
11.614328
11.614328
11.614328
11.614328
11.614328
11.614328
11.614328
11.614328
11.614328
11.614328
11.614328
11.614328
11.614328
11.614328
11.614328
11.614328
11.614328
11.614328
11.614328
11.614328
11.614328
11.614328
11.614328
11.614328
11.614328
11.614328
11.614328
11.614328
11.614328
11.614328
11.614328
11.614328
11.614328
11.614328
11.614328
11.614328
11.614328
11.614328
11.614328
11.614328
11.614328
11.614328
11.614328
11.614328
11.614328
11.614328
11.614328
11.614328
11.614328
11.614328
11.614328
11.614328
11.614328
11.614328
11.614328
11.614328
11.614328
11.614328
11.614328
11.614328
11.614328
11.614328
11.614328
11.614328
11.614328
11.614328
11.614328
11.614328
11.614328
11.614328
11.614328
11.614328
11.614328
11.614328
11.614328
11.614328
11.614328
11.614328
11.614328
11.614328
11.614328
11.614328
11.614328
11.614328
11.614328
11.614328
11.614328
11.614328
11.614328
11.614328
11.614328
11.614328
11.614328
11.614328
11.614328
11.614328
11.614328
11.614328
11.614328
11.614328
11.614328
11.614328
11.614328
11.614328
11.614328
11.614328
11.614328
11.614328
11.614328
11.614328
11.614328
11.614328
11.614328
11.614328
11.614328
11.614328
11.614328
11.614328
11.614328
11.614328
11.614328
11.614328
11.614328
11.614328
11.614328
11.614328
11.614328
11.614328
11.614328
11.614328
11.614328
11.614328
11.614328
11.614328
11.614328
11.614328
11.614328
11.614328
11.614328
11.614328
11.614328
11.614328
11.614328
11.614328
11.614328
11.614328
11.614328
11.614328
11.614328
11.614328
11.614328
11.614328
11.614328
11.614328
11.614328
11.614328
11.614328
11.614328
11.614328
11.614328
11.614328
11.614328
11.614328
11.621374
11.628420
11.635466
11.642512
11.649558
11.656604
11.663650
11.670696
11.677742
11.684788
11.691834
11.698880
11.705926
11.712971
11.720017
11.727063
11.734109
11.741155
11.748201
11.755247
11.762293
11.769339
11.776385
11.783431
11.790477
11.797523
11.804569
11.811615
11.818661
11.825707
11.832752
11.839798
11.846844
11.853890
11.860936
11.867982
11.875028
11.882074
11.889120
11.896166
11.903212
11.910258
11.917304
11.924350
11.931396
11.938442
11.945488
11.952533
11.959579
11.966625
11.973671
11.980717
11.987763
11.994809
12.001855
12.008901
12.015947
12.022993
12.030039
12.037085
12.044131
12.051177
12.058223
12.065269
12.072314
12.079360
12.086406
12.093452
12.100498
12.107544
12.114590
12.121636
12.128682
12.135728
12.142774
12.149820
12.156866
12.163912
12.170958
12.178004
12.185050
12.192095
12.199141
12.206187
12.213233
12.220279
12.227325
12.234371
12.241417
12.248463
12.255509
12.262555
12.269601
12.276647
12.283693
12.290739
12.297785
12.304831
12.311876
12.318922
12.325968
12.333014
12.340060
12.347106
12.354152
12.361198
12.368244
12.375290
12.382336
12.389382
12.396428
12.403474
12.410520
12.417566
12.424612
12.431657
12.438703
12.445749
12.452795
12.459841
12.466887
12.473933
12.480979
12.488025
12.495071
12.502117
12.509163
12.516209
12.523255
12.530301
12.537347
12.544393
12.551438
12.558484
12.565530
12.572576
12.579622
12.586668
12.593714
12.600760
12.607806
12.614852
12.621898
12.628944
12.635990
12.643036
12.650082
12.657128
12.664174
12.671219
12.678265
12.685311
12.692357
12.699403
12.706449
12.713495
12.720541
12.727587
12.734633
12.741679
12.748725
12.755771
12.762817
12.769863
12.776909
12.783955
12.791000
12.798046
12.805092
12.812138
12.819184
12.826230
12.833276
12.840322
12.847368
12.854414
12.861460
12.868506
12.875552
12.882598
12.889644
12.896690
12.903735
12.910781
12.917827
12.924873
12.931919
12.938965
12.946011
12.953057
12.960103
12.967149
12.974195
12.981241
12.988287
12.995333
13.002379
13.009425
13.016471
13.023516
13.030562
13.037608
13.044654
13.051700
13.058746
13.065792
13.072838
13.079884
13.086930
13.093976
13.101022
13.108068
13.115114
13.122160
13.129206
13.136252
13.143297
13.150343
13.157389
13.164435
13.171481
13.178527
13.185573
13.192619
13.199665
13.206711
13.213757
13.220803
13.227849
13.234895
13.241941
13.248987
13.256033
13.263078
13.270124
13.277170
13.284216
13.291262
13.298308
13.305354
13.312400
13.319446
13.326492
13.333538
13.340584
13.347630
13.354676
13.361722
13.368768
13.375814
13.382859
13.389905
13.396951
13.403997
13.411043
13.418089
13.425135
13.432181
13.439227
13.446273
13.453319
13.460365
13.467411
13.474457
13.481503
13.488549
13.495595
13.502640
13.509686
13.516732
13.523778
13.530824
13.537870
13.544916
13.551962
13.559008
13.566054
13.573100
13.580146
13.587192
13.594238
13.601284
13.608330
13.615376
13.621046
13.621046
13.621046
13.621046
13.621046
13.621046
13.621046
13.621046
13.621046
13.621046
13.621046
13.621046
13.621046
13.621046
13.621046
13.621046
13.621046
13.621046
13.621046
13.621046
13.621046
13.621046
13.621046
13.621046
13.621046
13.621046
13.621046
13.621046
13.621046
13.621046
13.621046
13.621046
13.621046
13.621046
13.621046
13.621046
13.621046
13.621046
13.621046
13.621046
13.621046
13.621046
13.621046
13.621046
13.621046
13.621046
13.621046
13.621046
13.621046
13.621046
13.621046
13.621046
13.621046
13.621046
13.621046
13.621046
13.621046
13.621046
13.621046
13.621046
13.621046
13.621046
13.621046
13.621046
13.621046
13.621046
13.621046
13.621046
13.621046
13.621046
13.621046
13.621046
13.621046
13.621046
13.621046
13.621046
13.621046
13.621046
13.621046
13.621046
13.621046
13.621046
13.621046
13.621046
13.621046
13.621046
13.621046
13.621046
13.621046
13.621046
13.621046
13.621046
13.621046
13.621046
13.621046
13.621046
13.621046
13.621046
13.621046
13.621046
13.621046
13.621046
13.621046
13.621046
13.621046
13.621046
13.621046
13.621046
13.621046
13.621046
13.621046
13.621046
13.621046
13.621046
13.621046
13.621046
13.621046
13.621046
13.621046
13.621046
13.621046
13.621046
13.621046
13.621046
13.621046
13.621046
13.621046
13.621046
13.621046
13.621046
13.621046
13.621046
13.621046
13.621046
13.621046
13.621046
13.621046
13.621046
13.621046
13.621046
13.621046
13.621046
13.621046
13.621046
13.621046
13.621046
13.621046
13.621046
13.621046
13.621046
13.621046
13.621046
13.621046
13.621046
13.621046
13.621046
13.621046
13.621046
13.621046
13.621046
13.621046
13.621046
13.621046
13.621046
13.621046
13.621046
13.621046
13.621046
13.621046
13.621046
13.621046
13.621046
13.621046
13.621046
13.621046
13.621046
13.621046
13.621046
13.621046
13.621046
13.621046
13.621046
13.621046
13.621046
13.621046
13.621046
13.621046
13.621046
13.621046
13.621046
13.621046
13.621046
13.621046
13.621046
13.621046
13.621046
13.621046
13.621046
13.621046
13.621046
13.621046
13.621046
13.621046
13.621046
13.621046
13.621046
13.621046
13.621046
13.621046
13.621046
13.621046
13.621046
13.621046
13.621046
13.621046
13.621046
13.621046
13.621046
13.621046
13.621046
13.621046
13.621046
13.621046
13.621046
13.621046
13.621046
13.621046
13.621046
13.621046
13.621046
13.621046
13.621046
13.621046
13.621046
13.621046
13.621046
13.621046
13.621046
13.621046
13.621046
13.621046
13.621046
13.621046
13.621046
13.621046
13.621046
13.621046
13.621046
13.621046
13.621046
13.621046
13.621046
13.621046
13.621046
13.621046
13.621046
13.621046
13.621046
13.621046
13.621046
13.621046
13.621046
13.621046
13.621046
13.621046
13.621046
13.621046
13.621046
13.621046
13.621046
13.621046
13.621046
13.621046
13.621046
13.621046
13.621046
13.621046
13.621046
13.621046
13.621046
13.621046
13.621046
13.621046
13.621046
13.621046
13.628115
13.635185
13.642254
13.649323
13.656392
13.663461
13.670530
13.677599
13.684668
13.691737
13.698806
13.705875
13.712944
13.720013
13.727082
13.734152
13.741221
13.748290
13.755359
13.762428
13.769497
13.776566
13.783635
13.790704
13.797773
13.804842
13.811911
13.818980
13.826049
13.833119
13.840188
13.847257
13.854326
13.861395
13.868464
13.875533
13.882602
13.889671
13.896740
13.903809
13.910878
13.917947
13.925016
13.932086
13.939155
13.946224
13.953293
13.960362
13.967431
13.974500
13.981569
13.988638
13.995707
14.002776
14.009845
14.016914
14.023983
14.031053
14.038122
14.045191
14.052260
14.059329
14.066398
14.073467
14.080536
14.087605
14.094674
14.101743
14.108812
14.115881
14.122950
14.130020
14.137089
14.144158
14.151227
14.158296
14.165365
14.172434
14.179503
14.186572
14.193641
14.200710
14.207779
14.214848
14.221917
14.228986
14.236056
14.243125
14.250194
14.257263
14.264332
14.271401
14.278470
14.285539
14.292608
14.299677
14.306746
14.313815
14.320884
14.327953
14.335023
14.342092
14.349161
14.356230
14.363299
14.370368
14.377437
14.384506
14.391575
14.398644
14.405713
14.412782
14.419851
14.426920
14.433990
14.441059
14.448128
14.455197
14.462266
14.469335
14.476404
14.483473
14.490542
14.497611
14.504680
14.511749
14.518818
14.525887
14.532957
14.540026
14.547095
14.554164
14.561233
14.568302
14.575371
14.582440
14.589509
14.596578
14.603647
14.610716
14.617785
14.624854
14.631924
14.638993
14.646062
14.653131
14.660200
14.667269
14.674338
14.681407
14.688476
14.695545
14.702614
14.709683
14.716752
14.723821
14.730891
14.737960
14.745029
14.752098
14.759167
14.766236
14.773305
14.780374
14.787443
14.794512
14.801581
14.808650
14.815719
14.822788
14.829857
14.836927
14.843996
14.851065
14.858134
14.865203
14.872272
14.879341
14.886410
14.893479
14.900548
14.907617
14.914686
14.921755
14.928824
14.935894
14.942963
14.950032
14.957101
14.964170
14.971239
14.978308
14.985377
14.992446
14.999515
15.006584
15.013653
15.020722
15.027791
15.034861
15.041930
15.048999
15.056068
15.063137
15.070206
15.077275
15.084344
15.091413
15.098482
15.105551
15.112620
15.119689
15.126758
15.133828
15.140897
15.147966
15.155035
15.162104
15.169173
15.176242
15.183311
15.190380
15.197449
15.204518
15.211587
15.218656
15.225725
15.232795
15.239864
15.246933
15.254002
15.261071
15.268140
15.275209
15.282278
15.289347
15.296416
15.303485
15.310554
15.317623
15.324692
15.331762
15.338831
15.345900
15.352969
15.360038
15.367107
15.374176
15.381245
15.388314
15.395383
15.402452
15.409521
15.416590
15.423659
15.430728
15.437798
15.444867
15.451936
15.459005
15.466074
15.473143
15.480212
15.487281
15.494350
15.501419
15.508488
15.515557
15.522626
15.529695
15.536765
15.543834
15.550903
15.557972
15.565041
15.572110
15.579179
15.586248
15.593317
15.600386
15.607455
15.614524
15.621593
15.625166
15.625166
15.625166
15.625166
15.625166
15.625166
15.625166
15.625166
15.625166
15.625166
15.625166
15.625166
15.625166
15.625166
15.625166
15.625166
15.625166
15.625166
15.625166
15.625166
15.625166
15.625166
15.625166
15.625166
15.625166
15.625166
15.625166
15.625166
15.625166
15.625166
15.625166
15.625166
15.625166
15.625166
15.625166
15.625166
15.625166
15.625166
15.625166
15.625166
15.625166
15.625166
15.625166
15.625166
15.625166
15.625166
15.625166
15.625166
15.625166
15.625166
15.625166
15.625166
15.625166
15.625166
15.625166
15.625166
15.625166
15.625166
15.625166
15.625166
15.625166
15.625166
15.625166
15.625166
15.625166
15.625166
15.625166
15.625166
15.625166
15.625166
15.625166
15.625166
15.625166
15.625166
15.625166
15.625166
15.625166
15.625166
15.625166
15.625166
15.625166
15.625166
15.625166
15.625166
15.625166
15.625166
15.625166
15.625166
15.625166
15.625166
15.625166
15.625166
15.625166
15.625166
15.625166
15.625166
15.625166
15.625166
15.625166
15.625166
15.625166
15.625166
15.625166
15.625166
15.625166
15.625166
15.625166
15.625166
15.625166
15.625166
15.625166
15.625166
15.625166
15.625166
15.625166
15.625166
15.625166
15.625166
15.625166
15.625166
15.625166
15.625166
15.625166
15.625166
15.625166
15.625166
15.625166
15.625166
15.625166
15.625166
15.625166
15.625166
15.625166
15.625166
15.625166
15.625166
15.625166
15.625166
15.625166
15.625166
15.625166
15.625166
15.625166
15.625166
15.625166
15.625166
15.625166
15.625166
15.625166
15.625166
15.625166
15.625166
15.625166
15.625166
15.625166
15.625166
15.625166
15.625166
15.625166
15.625166
15.625166
15.625166
15.625166
15.625166
15.625166
15.625166
15.625166
15.625166
15.625166
15.625166
15.625166
15.625166
15.625166
15.625166
15.625166
15.625166
15.625166
15.625166
15.625166
15.625166
15.625166
15.625166
15.625166
15.625166
15.625166
15.625166
15.625166
15.625166
15.625166
15.625166
15.625166
15.625166
15.625166
15.625166
15.625166
15.625166
15.625166
15.625166
15.625166
15.625166
15.625166
15.625166
15.625166
15.625166
15.625166
15.625166
15.625166
15.625166
15.625166
15.625166
15.625166
15.625166
15.625166
15.625166
15.625166
15.625166
15.625166
15.625166
15.625166
15.625166
15.625166
15.625166
15.625166
15.625166
15.625166
15.625166
15.625166
15.625166
15.625166
15.625166
15.625166
15.625166
15.625166
15.625166
15.625166
15.625166
15.625166
15.625166
15.625166
15.625166
15.625166
15.625166
15.625166
15.625166
15.625166
15.625166
15.625166
15.625166
15.625166
15.625166
15.625166
15.625166
15.625166
15.625166
15.625166
15.625166
15.625166
15.625166
15.625166
15.625166
15.625166
15.625166
15.625166
15.625166
15.625166
15.625166
15.625166
15.625166
15.625166
15.625166
15.625166
15.625166
15.625166
15.625166
15.625166
15.625166
15.625166
15.625166
15.625166
15.625166
15.625166
15.625166
15.625166
15.625166
15.632245
15.639324
15.646403
15.653482
15.660561
15.667640
15.674719
15.681798
15.688877
15.695956
15.703035
15.710114
15.717192
15.724271
15.731350
15.738429
15.745508
15.752587
15.759666
15.766745
15.773824
15.780903
15.787982
15.795061
15.802140
15.809219
15.816298
15.823377
15.830456
15.837535
15.844614
15.851693
15.858772
15.865851
15.872930
15.880009
15.887088
15.894167
15.901246
15.908325
15.915403
15.922482
15.929561
15.936640
15.943719
15.950798
15.957877
15.964956
15.972035
15.979114
15.986193
15.993272
16.000351
16.007430
16.014509
16.021588
16.028667
16.035746
16.042825
16.049904
16.056983
16.064062
16.071141
16.078220
16.085299
16.092378
16.099457
16.106535
16.113614
16.120693
16.127772
16.134851
16.141930
16.149009
16.156088
16.163167
16.170246
16.177325
16.184404
16.191483
16.198562
16.205641
16.212720
16.219799
16.226878
16.233957
16.241036
16.248115
16.255194
16.262273
16.269352
16.276431
16.283510
16.290589
16.297668
16.304746
16.311825
16.318904
16.325983
16.333062
16.340141
16.347220
16.354299
16.361378
16.368457
16.375536
16.382615
16.389694
16.396773
16.403852
16.410931
16.418010
16.425089
16.432168
16.439247
16.446326
16.453405
16.460484
16.467563
16.474642
16.481721
16.488800
16.495878
16.502957
16.510036
16.517115
16.524194
16.531273
16.538352
16.545431
16.552510
16.559589
16.566668
16.573747
16.580826
16.587905
16.594984
16.602063
16.609142
16.616221
16.623300
16.630379
16.637458
16.644537
16.651616
16.658695
16.665774
16.672853
16.679932
16.687010
16.694089
16.701168
16.708247
16.715326
16.722405
16.729484
16.736563
16.743642
16.750721
16.757800
16.764879
16.771958
16.779037
16.786116
16.793195
16.800274
16.807353
16.814432
16.821511
16.828590
16.835669
16.842748
16.849827
16.856906
16.863985
16.871064
16.878143
16.885221
16.892300
16.899379
16.906458
16.913537
16.920616
16.927695
16.934774
16.941853
16.948932
16.956011
16.963090
16.970169
16.977248
16.984327
16.991406
16.998485
17.005564
17.012643
17.019722
17.026801
17.033880
17.040959
17.048038
17.055117
17.062196
17.069275
17.076353
17.083432
17.090511
17.097590
17.104669
17.111748
17.118827
17.125906
17.132985
17.140064
17.147143
17.154222
17.161301
17.168380
17.175459
17.182538
17.189617
17.196696
17.203775
17.210854
17.217933
17.225012
17.232091
17.239170
17.246249
17.253328
17.260407
17.267486
17.274564
17.281643
17.288722
17.295801
17.302880
17.309959
17.317038
17.324117
17.331196
17.338275
17.345354
17.352433
17.359512
17.366591
17.373670
17.380749
17.387828
17.394907
17.401986
17.409065
17.416144
17.423223
17.430302
17.437381
17.444460
17.451539
17.458618
17.465696
17.472775
17.479854
17.486933
17.494012
17.501091
17.508170
17.515249
17.522328
17.529407
17.536486
17.543565
17.550644
17.557723
17.564802
17.571881
17.578960
17.586039
17.593118
17.600197
17.607276
17.614355
17.621434
17.623632
17.623632
17.623632
17.623632
17.623632
17.623632
17.623632
17.623632
17.623632
17.623632
17.623632
17.623632
17.623632
17.623632
17.623632
17.623632
17.623632
17.623632
17.623632
17.623632
17.623632
17.623632
17.623632
17.623632
17.623632
17.623632
17.623632
17.623632
17.623632
17.623632
17.623632
17.623632
17.623632
17.623632
17.623632
17.623632
17.623632
17.623632
17.623632
17.623632
17.623632
17.623632
17.623632
17.623632
17.623632
17.623632
17.623632
17.623632
17.623632
17.623632
17.623632
17.623632
17.623632
17.623632
17.623632
17.623632
17.623632
17.623632
17.623632
17.623632
17.623632
17.623632
17.623632
17.623632
17.623632
17.623632
17.623632
17.623632
17.623632
17.623632
17.623632
17.623632
17.623632
17.623632
17.623632
17.623632
17.623632
17.623632
17.623632
17.623632
17.623632
17.623632
17.623632
17.623632
17.623632
17.623632
17.623632
17.623632
17.623632
17.623632
17.623632
17.623632
17.623632
17.623632
17.623632
17.623632
17.623632
17.623632
17.623632
17.623632
17.623632
17.623632
17.623632
17.623632
17.623632
17.623632
17.623632
17.623632
17.623632
17.623632
17.623632
17.623632
17.623632
17.623632
17.623632
17.623632
17.623632
17.623632
17.623632
17.623632
17.623632
17.623632
17.623632
17.623632
17.623632
17.623632
17.623632
17.623632
17.623632
17.623632
17.623632
17.623632
17.623632
17.623632
17.623632
17.623632
17.623632
17.623632
17.623632
17.623632
17.623632
17.623632
17.623632
17.623632
17.623632
17.623632
17.623632
17.623632
17.623632
17.623632
17.623632
17.623632
17.623632
17.623632
17.623632
17.623632
17.623632
17.623632
17.623632
17.623632
17.623632
17.623632
17.623632
17.623632
17.623632
17.623632
17.623632
17.623632
17.623632
17.623632
17.623632
17.623632
17.623632
17.623632
17.623632
17.623632
17.623632
17.623632
17.623632
17.623632
17.623632
17.623632
17.623632
17.623632
17.623632
17.623632
17.623632
17.623632
17.623632
17.623632
17.623632
17.623632
17.623632
17.623632
17.623632
17.623632
17.623632
17.623632
17.623632
17.623632
17.623632
17.623632
17.623632
17.623632
17.623632
17.623632
17.623632
17.623632
17.623632
17.623632
17.623632
17.623632
17.623632
17.623632
17.623632
17.623632
17.623632
17.623632
17.623632
17.623632
17.623632
17.623632
17.623632
17.623632
17.623632
17.623632
17.623632
17.623632
17.623632
17.623632
17.623632
17.623632
17.623632
17.623632
17.623632
17.623632
17.623632
17.623632
17.623632
17.623632
17.623632
17.623632
17.623632
17.623632
17.623632
17.623632
17.623632
17.623632
17.623632
17.623632
17.623632
17.623632
17.623632
17.623632
17.623632
17.623632
17.623632
17.623632
17.623632
17.623632
17.623632
17.623632
17.623632
17.623632
17.623632
17.623632
17.623632
17.623632
17.623632
17.623632
17.623632
17.623632
17.623632
17.623632
17.623632
17.623632
17.623632
17.623632
17.623632
17.623632
17.623632
17.623632
17.623632
17.623632
17.630737
17.637842
17.644947
17.652052
17.659157
17.666262
17.673367
17.680473
17.687578
17.694683
17.701788
17.708893
17.715998
17.723103
17.730208
17.737314
17.744419
17.751524
17.758629
17.765734
17.772839
17.779944
17.787049
17.794155
17.801260
17.808365
17.815470
17.822575
17.829680
17.836785
17.843890
17.850996
17.858101
17.865206
17.872311
17.879416
17.886521
17.893626
17.900731
17.907837
17.914942
17.922047
17.929152
17.936257
17.943362
17.950467
17.957572
17.964678
17.971783
17.978888
17.985993
17.993098
18.000203
18.007308
18.014413
18.021519
18.028624
18.035729
18.042834
18.049939
18.057044
18.064149
18.071254
18.078360
18.085465
18.092570
18.099675
18.106780
18.113885
18.120990
18.128095
18.135200
18.142306
18.149411
18.156516
18.163621
18.170726
18.177831
18.184936
18.192041
18.199147
18.206252
18.213357
18.220462
18.227567
18.234672
18.241777
18.248882
18.255988
18.263093
18.270198
18.277303
18.284408
18.291513
18.298618
18.305723
18.312829
18.319934
18.327039
18.334144
18.341249
18.348354
18.355459
18.362564
18.369670
18.376775
18.383880
18.390985
18.398090
18.405195
18.412300
18.419405
18.426511
18.433616
18.440721
18.447826
18.454931
18.462036
18.469141
18.476246
18.483352
18.490457
18.497562
18.504667
18.511772
18.518877
18.525982
18.533087
18.540193
18.547298
18.554403
18.561508
18.568613
18.575718
18.582823
18.589928
18.597034
18.604139
18.611244
18.618349
18.625454
18.632559
18.639664
18.646769
18.653875
18.660980
18.668085
18.675190
18.682295
18.689400
18.696505
18.703610
18.710716
18.717821
18.724926
18.732031
18.739136
18.746241
18.753346
18.760451
18.767557
18.774662
18.781767
18.788872
18.795977
18.803082
18.810187
18.817292
18.824397
18.831503
18.838608
18.845713
18.852818
18.859923
18.867028
18.874133
18.881238
18.888344
18.895449
18.902554
18.909659
18.916764
18.923869
18.930974
18.938079
18.945185
18.952290
18.959395
18.966500
18.973605
18.980710
18.987815
18.994920
19.002026
19.009131
19.016236
19.023341
19.030446
19.037551
19.044656
19.051761
19.058867
19.065972
19.073077
19.080182
19.087287
19.094392
19.101497
19.108602
19.115708
19.122813
19.129918
19.137023
19.144128
19.151233
19.158338
19.165443
19.172549
19.179654
19.186759
19.193864
19.200969
19.208074
19.215179
19.222284
19.229390
19.236495
19.243600
19.250705
19.257810
19.264915
19.272020
19.279125
19.286231
19.293336
19.300441
19.307546
19.314651
19.321756
19.328861
19.335966
19.343072
19.350177
19.357282
19.364387
19.371492
19.378597
19.385702
19.392807
19.399913
19.407018
19.414123
19.421228
19.428333
19.435438
19.442543
19.449648
19.456754
19.463859
19.470964
19.478069
19.485174
19.492279
19.499384
19.506489
19.513594
19.520700
19.527805
19.534910
19.542015
19.549120
19.556225
19.563330
19.570435
19.577541
19.584646
19.591751
19.598856
19.605961
19.613066
19.620171
19.621694
19.621694
19.621694
19.621694
19.621694
19.621694
19.621694
19.621694
19.621694
19.621694
19.621694
19.621694
19.621694
19.621694
19.621694
19.621694
19.621694
19.621694
19.621694
19.621694
19.621694
19.621694
19.621694
19.621694
19.621694
19.621694
19.621694
19.621694
19.621694
19.621694
19.621694
19.621694
19.621694
19.621694
19.621694
19.621694
19.621694
19.621694
19.621694
19.621694
19.621694
19.621694
19.621694
19.621694
19.621694
19.621694
19.621694
19.621694
19.621694
19.621694
19.621694
19.621694
19.621694
19.621694
19.621694
19.621694
19.621694
19.621694
19.621694
19.621694
19.621694
19.621694
19.621694
19.621694
19.621694
19.621694
19.621694
19.621694
19.621694
19.621694
19.621694
19.621694
19.621694
19.621694
19.621694
19.621694
19.621694
19.621694
19.621694
19.621694
19.621694
19.621694
19.621694
19.621694
19.621694
19.621694
19.621694
19.621694
19.621694
19.621694
19.621694
19.621694
19.621694
19.621694
19.621694
19.621694
19.621694
19.621694
19.621694
19.621694
19.621694
19.621694
19.621694
19.621694
19.621694
19.621694
19.621694
19.621694
19.621694
19.621694
19.621694
19.621694
19.621694
19.621694
19.621694
19.621694
19.621694
19.621694
19.621694
19.621694
19.621694
19.621694
19.621694
19.621694
19.621694
19.621694
19.621694
19.621694
19.621694
19.621694
19.621694
19.621694
19.621694
19.621694
19.621694
19.621694
19.621694
19.621694
19.621694
19.621694
19.621694
19.621694
19.621694
19.621694
19.621694
19.621694
19.621694
19.621694
19.621694
19.621694
19.621694
19.621694
19.621694
19.621694
19.621694
19.621694
19.621694
19.621694
19.621694
19.621694
19.621694
19.621694
19.621694
19.621694
19.621694
19.621694
19.621694
19.621694
19.621694
19.621694
19.621694
19.621694
19.621694
19.621694
19.621694
19.621694
19.621694
19.621694
19.621694
19.621694
19.621694
19.621694
19.621694
19.621694
19.621694
19.621694
19.621694
19.621694
19.621694
19.621694
19.621694
19.621694
19.621694
19.621694
19.621694
19.621694
19.621694
19.621694
19.621694
19.621694
19.621694
19.621694
19.621694
19.621694
19.621694
19.621694
19.621694
19.621694
19.621694
19.621694
19.621694
19.621694
19.621694
19.621694
19.621694
19.621694
19.621694
19.621694
19.621694
19.621694
19.621694
19.621694
19.621694
19.621694
19.621694
19.621694
19.621694
19.621694
19.621694
19.621694
19.621694
19.621694
19.621694
19.621694
19.621694
19.621694
19.621694
19.621694
19.621694
19.621694
19.621694
19.621694
19.621694
19.621694
19.621694
19.621694
19.621694
19.621694
19.621694
19.621694
19.621694
19.621694
19.621694
19.621694
19.621694
19.621694
19.621694
19.621694
19.621694
19.621694
19.621694
19.621694
19.621694
19.621694
19.621694
19.621694
19.621694
19.621694
19.621694
19.621694
19.621694
19.621694
19.621694
19.621694
19.621694
19.621694
19.621694
19.621694
19.621694
19.621694
19.621694
19.621694
19.621694
19.628791
19.635887
19.642984
19.650081
19.657178
19.664274
19.671371
19.678468
19.685565
19.692662
19.699758
19.706855
19.713952
19.721049
19.728145
19.735242
19.742339
19.749436
19.756532
19.763629
19.770726
19.777823
19.784920
19.792016
19.799113
19.806210
19.813307
19.820403
19.827500
19.834597
19.841694
19.848791
19.855887
19.862984
19.870081
19.877178
19.884274
19.891371
19.898468
19.905565
19.912661
19.919758
19.926855
19.933952
19.941049
19.948145
19.955242
19.962339
19.969436
19.976532
19.983629
19.990726
19.997823
20.004919
20.012016
20.019113
20.026210
20.033307
20.040403
20.047500
20.054597
20.061694
20.068790
20.075887
20.082984
20.090081
20.097177
20.104274
20.111371
20.118468
20.125565
20.132661
20.139758
20.146855
20.153952
20.161048
20.168145
20.175242
20.182339
20.189435
20.196532
20.203629
20.210726
20.217823
20.224919
20.232016
20.239113
20.246210
20.253306
20.260403
20.267500
20.274597
20.281693
20.288790
20.295887
20.302984
20.310081
20.317177
20.324274
20.331371
20.338468
20.345564
20.352661
20.359758
20.366855
20.373951
20.381048
20.388145
20.395242
20.402339
20.409435
20.416532
20.423629
20.430726
20.437822
20.444919
20.452016
20.459113
20.466209
20.473306
20.480403
20.487500
20.494597
20.501693
20.508790
20.515887
20.522984
20.530080
20.537177
20.544274
20.551371
20.558467
20.565564
20.572661
20.579758
20.586855
20.593951
20.601048
20.608145
20.615242
20.622338
20.629435
20.636532
20.643629
20.650726
20.657822
20.664919
20.672016
20.679113
20.686209
20.693306
20.700403
20.707500
20.714596
20.721693
20.728790
20.735887
20.742984
20.750080
20.757177
20.764274
20.771371
20.778467
20.785564
20.792661
20.799758
20.806854
20.813951
20.821048
20.828145
20.835242
20.842338
20.849435
20.856532
20.863629
20.870725
20.877822
20.884919
20.892016
20.899112
20.906209
20.913306
20.920403
20.927500
20.934596
20.941693
20.948790
20.955887
20.962983
20.970080
20.977177
20.984274
20.991370
20.998467
21.005564
21.012661
21.019758
21.026854
21.033951
21.041048
21.048145
21.055241
21.062338
21.069435
21.076532
21.083628
21.090725
21.097822
21.104919
21.112016
21.119112
21.126209
21.133306
21.140403
21.147499
21.154596
21.161693
21.168790
21.175886
21.182983
21.190080
21.197177
21.204274
21.211370
21.218467
21.225564
21.232661
21.239757
21.246854
21.253951
21.261048
21.268144
21.275241
21.282338
21.289435
21.296532
21.303628
21.310725
21.317822
21.324919
21.332015
21.339112
21.346209
21.353306
21.360403
21.367499
21.374596
21.381693
21.388790
21.395886
21.402983
21.410080
21.417177
21.424273
21.431370
21.438467
21.445564
21.452661
21.459757
21.466854
21.473951
21.481048
21.488144
21.495241
21.502338
21.509435
21.516531
21.523628
21.530725
21.537822
21.544919
21.552015
21.559112
21.566209
21.573306
21.580402
21.587499
21.594596
21.601693
21.608789
21.615886
21.622983
21.624226
21.624226
21.624226
21.624226
21.624226
21.624226
21.624226
21.624226
21.624226
21.624226
21.624226
21.624226
21.624226
21.624226
21.624226
21.624226
21.624226
21.624226
21.624226
21.624226
21.624226
21.624226
21.624226
21.624226
21.624226
21.624226
21.624226
21.624226
21.624226
21.624226
21.624226
21.624226
21.624226
21.624226
21.624226
21.624226
21.624226
21.624226
21.624226
21.624226
21.624226
21.624226
21.624226
21.624226
21.624226
21.624226
21.624226
21.624226
21.624226
21.624226
21.624226
21.624226
21.624226
21.624226
21.624226
21.624226
21.624226
21.624226
21.624226
21.624226
21.624226
21.624226
21.624226
21.624226
21.624226
21.624226
21.624226
21.624226
21.624226
21.624226
21.624226
21.624226
21.624226
21.624226
21.624226
21.624226
21.624226
21.624226
21.624226
21.624226
21.624226
21.624226
21.624226
21.624226
21.624226
21.624226
21.624226
21.624226
21.624226
21.624226
21.624226
21.624226
21.624226
21.624226
21.624226
21.624226
21.624226
21.624226
21.624226
21.624226
21.624226
21.624226
21.624226
21.624226
21.624226
21.624226
21.624226
21.624226
21.624226
21.624226
21.624226
21.624226
21.624226
21.624226
21.624226
21.624226
21.624226
21.624226
21.624226
21.624226
21.624226
21.624226
21.624226
21.624226
21.624226
21.624226
21.624226
21.624226
21.624226
21.624226
21.624226
21.624226
21.624226
21.624226
21.624226
21.624226
21.624226
21.624226
21.624226
21.624226
21.624226
21.624226
21.624226
21.624226
21.624226
21.624226
21.624226
21.624226
21.624226
21.624226
21.624226
21.624226
21.624226
21.624226
21.624226
21.624226
21.624226
21.624226
21.624226
21.624226
21.624226
21.624226
21.624226
21.624226
21.624226
21.624226
21.624226
21.624226
21.624226
21.624226
21.624226
21.624226
21.624226
21.624226
21.624226
21.624226
21.624226
21.624226
21.624226
21.624226
21.624226
21.624226
21.624226
21.624226
21.624226
21.624226
21.624226
21.624226
21.624226
21.624226
21.624226
21.624226
21.624226
21.624226
21.624226
21.624226
21.624226
21.624226
21.624226
21.624226
21.624226
21.624226
21.624226
21.624226
21.624226
21.624226
21.624226
21.624226
21.624226
21.624226
21.624226
21.624226
21.624226
21.624226
21.624226
21.624226
21.624226
21.624226
21.624226
21.624226
21.624226
21.624226
21.624226
21.624226
21.624226
21.624226
21.624226
21.624226
21.624226
21.624226
21.624226
21.624226
21.624226
21.624226
21.624226
21.624226
21.624226
21.624226
21.624226
21.624226
21.624226
21.624226
21.624226
21.624226
21.624226
21.624226
21.624226
21.624226
21.624226
21.624226
21.624226
21.624226
21.624226
21.624226
21.624226
21.624226
21.624226
21.624226
21.624226
21.624226
21.624226
21.624226
21.624226
21.624226
21.624226
21.624226
21.624226
21.624226
21.624226
21.624226
21.624226
21.624226
21.624226
21.624226
21.624226
21.624226
21.624226
21.624226
21.624226
21.624226
21.624226
21.624226
21.624226
21.624226
21.631345
21.638465
21.645585
21.652704
21.659824
21.666944
21.674064
21.681183
21.688303
21.695423
21.702542
21.709662
21.716782
21.723901
21.731021
21.738141
21.745261
21.752380
21.759500
21.766620
21.773739
21.780859
21.787979
21.795099
21.802218
21.809338
21.816458
21.823577
21.830697
21.837817
21.844936
21.852056
21.859176
21.866296
21.873415
21.880535
21.887655
21.894774
21.901894
21.909014
21.916134
21.923253
21.930373
21.937493
21.944612
21.951732
21.958852
21.965971
21.973091
21.980211
21.987331
21.994450
22.001570
22.008690
22.015809
22.022929
22.030049
22.037169
22.044288
22.051408
22.058528
22.065647
22.072767
22.079887
22.087006
22.094126
22.101246
22.108366
22.115485
22.122605
22.129725
22.136844
22.143964
22.151084
22.158204
22.165323
22.172443
22.179563
22.186682
22.193802
22.200922
22.208041
22.215161
22.222281
22.229401
22.236520
22.243640
22.250760
22.257879
22.264999
22.272119
22.279239
22.286358
22.293478
22.300598
22.307717
22.314837
22.321957
22.329076
22.336196
22.343316
22.350436
22.357555
22.364675
22.371795
22.378914
22.386034
22.393154
22.400274
22.407393
22.414513
22.421633
22.428752
22.435872
22.442992
22.450111
22.457231
22.464351
22.471471
22.478590
22.485710
22.492830
22.499949
22.507069
22.514189
22.521309
22.528428
22.535548
22.542668
22.549787
22.556907
22.564027
22.571146
22.578266
22.585386
22.592506
22.599625
22.606745
22.613865
22.620984
22.628104
22.635224
22.642344
22.649463
22.656583
22.663703
22.670822
22.677942
22.685062
22.692181
22.699301
22.706421
22.713541
22.720660
22.727780
22.734900
22.742019
22.749139
22.756259
22.763379
22.770498
22.777618
22.784738
22.791857
22.798977
22.806097
22.813216
22.820336
22.827456
22.834576
22.841695
22.848815
22.855935
22.863054
22.870174
22.877294
22.884414
22.891533
22.898653
22.905773
22.912892
22.920012
22.927132
22.934251
22.941371
22.948491
22.955611
22.962730
22.969850
22.976970
22.984089
22.991209
22.998329
23.005449
23.012568
23.019688
23.026808
23.033927
23.041047
23.048167
23.055286
23.062406
23.069526
23.076646
23.083765
23.090885
23.098005
23.105124
23.112244
23.119364
23.126484
23.133603
23.140723
23.147843
23.154962
23.162082
23.169202
23.176321
23.183441
23.190561
23.197681
23.204800
23.211920
23.219040
23.226159
23.233279
23.240399
23.247519
23.254638
23.261758
23.268878
23.275997
23.283117
23.290237
23.297356
23.304476
23.311596
23.318716
23.325835
23.332955
23.340075
23.347194
23.354314
23.361434
23.368554
23.375673
23.382793
23.389913
23.397032
23.404152
23.411272
23.418391
23.425511
23.432631
23.439751
23.446870
23.453990
23.461110
23.468229
23.475349
23.482469
23.489589
23.496708
23.503828
23.510948
23.518067
23.525187
23.532307
23.539426
23.546546
23.553666
23.560786
23.567905
23.575025
23.582145
23.589264
23.596384
23.603504
23.610624
23.617743
23.624863
23.631983
23.633079
23.633079
23.633079
23.633079
23.633079
23.633079
23.633079
23.633079
23.633079
23.633079
23.633079
23.633079
23.633079
23.633079
23.633079
23.633079
23.633079
23.633079
23.633079
23.633079
23.633079
23.633079
23.633079
23.633079
23.633079
23.633079
23.633079
23.633079
23.633079
23.633079
23.633079
23.633079
23.633079
23.633079
23.633079
23.633079
23.633079
23.633079
23.633079
23.633079
23.633079
23.633079
23.633079
23.633079
23.633079
23.633079
23.633079
23.633079
23.633079
23.633079
23.633079
23.633079
23.633079
23.633079
23.633079
23.633079
23.633079
23.633079
23.633079
23.633079
23.633079
23.633079
23.633079
23.633079
23.633079
23.633079
23.633079
23.633079
23.633079
23.633079
23.633079
23.633079
23.633079
23.633079
23.633079
23.633079
23.633079
23.633079
23.633079
23.633079
23.633079
23.633079
23.633079
23.633079
23.633079
23.633079
23.633079
23.633079
23.633079
23.633079
23.633079
23.633079
23.633079
23.633079
23.633079
23.633079
23.633079
23.633079
23.633079
23.633079
23.633079
23.633079
23.633079
23.633079
23.633079
23.633079
23.633079
23.633079
23.633079
23.633079
23.633079
23.633079
23.633079
23.633079
23.633079
23.633079
23.633079
23.633079
23.633079
23.633079
23.633079
23.633079
23.633079
23.633079
23.633079
23.633079
23.633079
23.633079
23.633079
23.633079
23.633079
23.633079
23.633079
23.633079
23.633079
23.633079
23.633079
23.633079
23.633079
23.633079
23.633079
23.633079
23.633079
23.633079
23.633079
23.633079
23.633079
23.633079
23.633079
23.633079
23.633079
23.633079
23.633079
23.633079
23.633079
23.633079
23.633079
23.633079
23.633079
23.633079
23.633079
23.633079
23.633079
23.633079
23.633079
23.633079
23.633079
23.633079
23.633079
23.633079
23.633079
23.633079
23.633079
23.633079
23.633079
23.633079
23.633079
23.633079
23.633079
23.633079
23.633079
23.633079
23.633079
23.633079
23.633079
23.633079
23.633079
23.633079
23.633079
23.633079
23.633079
23.633079
23.633079
23.633079
23.633079
23.633079
23.633079
23.633079
23.633079
23.633079
23.633079
23.633079
23.633079
23.633079
23.633079
23.633079
23.633079
23.633079
23.633079
23.633079
23.633079
23.633079
23.633079
23.633079
23.633079
23.633079
23.633079
23.633079
23.633079
23.633079
23.633079
23.633079
23.633079
23.633079
23.633079
23.633079
23.633079
23.633079
23.633079
23.633079
23.633079
23.633079
23.633079
23.633079
23.633079
23.633079
23.633079
23.633079
23.633079
23.633079
23.633079
23.633079
23.633079
23.633079
23.633079
23.633079
23.633079
23.633079
23.633079
23.633079
23.633079
23.633079
23.633079
23.633079
23.633079
23.633079
23.633079
23.633079
23.633079
23.633079
23.633079
23.633079
23.633079
23.633079
23.633079
23.633079
23.633079
23.633079
23.633079
23.633079
23.633079
23.633079
23.633079
23.633079
23.633079
23.633079
23.633079
23.633079
23.633079
23.633079
23.633079
23.633079
23.633079
23.633079
23.640219
23.647359
23.654499
23.661639
23.668780
23.675920
23.683060
23.690200
23.697340
23.704481
23.711621
23.718761
23.725901
23.733041
23.740182
23.747322
23.754462
23.761602
23.768742
23.775882
23.783023
23.790163
23.797303
23.804443
23.811583
23.818724
23.825864
23.833004
23.840144
23.847284
23.854424
23.861565
23.868705
23.875845
23.882985
23.890125
23.897266
23.904406
23.911546
23.918686
23.925826
23.932967
23.940107
23.947247
23.954387
23.961527
23.968667
23.975808
23.982948
23.990088
23.997228
24.004368
24.011509
24.018649
24.025789
24.032929
24.040069
24.047210
24.054350
24.061490
24.068630
24.075770
24.082910
24.090051
24.097191
24.104331
24.111471
24.118611
24.125752
24.132892
24.140032
24.147172
24.154312
24.161452
24.168593
24.175733
24.182873
24.190013
24.197153
24.204294
24.211434
24.218574
24.225714
24.232854
24.239995
24.247135
24.254275
24.261415
24.268555
24.275695
24.282836
24.289976
24.297116
24.304256
24.311396
24.318537
24.325677
24.332817
24.339957
24.347097
24.354238
24.361378
24.368518
24.375658
24.382798
24.389938
24.397079
24.404219
24.411359
24.418499
24.425639
24.432780
24.439920
24.447060
24.454200
24.461340
24.468481
24.475621
24.482761
24.489901
24.497041
24.504181
24.511322
24.518462
24.525602
24.532742
24.539882
24.547023
24.554163
24.561303
24.568443
24.575583
24.582723
24.589864
24.597004
24.604144
24.611284
24.618424
24.625565
24.632705
24.639845
24.646985
24.654125
24.661266
24.668406
24.675546
24.682686
24.689826
24.696966
24.704107
24.711247
24.718387
24.725527
24.732667
24.739808
24.746948
24.754088
24.761228
24.768368
24.775509
24.782649
24.789789
24.796929
24.804069
24.811209
24.818350
24.825490
24.832630
24.839770
24.846910
24.854051
24.861191
24.868331
24.875471
24.882611
24.889751
24.896892
24.904032
24.911172
24.918312
24.925452
24.932593
24.939733
24.946873
24.954013
24.961153
24.968294
24.975434
24.982574
24.989714
24.996854
25.003994
25.011135
25.018275
25.025415
25.032555
25.039695
25.046836
25.053976
25.061116
25.068256
25.075396
25.082537
25.089677
25.096817
25.103957
25.111097
25.118237
25.125378
25.132518
25.139658
25.146798
25.153938
25.161079
25.168219
25.175359
25.182499
25.189639
25.196780
25.203920
25.211060
25.218200
25.225340
25.232480
25.239621
25.246761
25.253901
25.261041
25.268181
25.275322
25.282462
25.289602
25.296742
25.303882
25.311022
25.318163
25.325303
25.332443
25.339583
25.346723
25.353864
25.361004
25.368144
25.375284
25.382424
25.389565
25.396705
25.403845
25.410985
25.418125
25.425265
25.432406
25.439546
25.446686
25.453826
25.460966
25.468107
25.475247
25.482387
25.489527
25.496667
25.503808
25.510948
25.518088
25.525228
25.532368
25.539508
25.546649
25.553789
25.560929
25.568069
25.575209
25.582350
25.589490
25.596630
25.603770
25.610910
25.618051
25.625191
25.632331
25.639471
25.646611
25.647560
25.647560
25.647560
25.647560
25.647560
25.647560
25.647560
25.647560
25.647560
25.647560
25.647560
25.647560
25.647560
25.647560
25.647560
25.647560
25.647560
25.647560
25.647560
25.647560
25.647560
25.647560
25.647560
25.647560
25.647560
25.647560
25.647560
25.647560
25.647560
25.647560
25.647560
25.647560
25.647560
25.647560
25.647560
25.647560
25.647560
25.647560
25.647560
25.647560
25.647560
25.647560
25.647560
25.647560
25.647560
25.647560
25.647560
25.647560
25.647560
25.647560
25.647560
25.647560
25.647560
25.647560
25.647560
25.647560
25.647560
25.647560
25.647560
25.647560
25.647560
25.647560
25.647560
25.647560
25.647560
25.647560
25.647560
25.647560
25.647560
25.647560
25.647560
25.647560
25.647560
25.647560
25.647560
25.647560
25.647560
25.647560
25.647560
25.647560
25.647560
25.647560
25.647560
25.647560
25.647560
25.647560
25.647560
25.647560
25.647560
25.647560
25.647560
25.647560
25.647560
25.647560
25.647560
25.647560
25.647560
25.647560
25.647560
25.647560
25.647560
25.647560
25.647560
25.647560
25.647560
25.647560
25.647560
25.647560
25.647560
25.647560
25.647560
25.647560
25.647560
25.647560
25.647560
25.647560
25.647560
25.647560
25.647560
25.647560
25.647560
25.647560
25.647560
25.647560
25.647560
25.647560
25.647560
25.647560
25.647560
25.647560
25.647560
25.647560
25.647560
25.647560
25.647560
25.647560
25.647560
25.647560
25.647560
25.647560
25.647560
25.647560
25.647560
25.647560
25.647560
25.647560
25.647560
25.647560
25.647560
25.647560
25.647560
25.647560
25.647560
25.647560
25.647560
25.647560
25.647560
25.647560
25.647560
25.647560
25.647560
25.647560
25.647560
25.647560
25.647560
25.647560
25.647560
25.647560
25.647560
25.647560
25.647560
25.647560
25.647560
25.647560
25.647560
25.647560
25.647560
25.647560
25.647560
25.647560
25.647560
25.647560
25.647560
25.647560
25.647560
25.647560
25.647560
25.647560
25.647560
25.647560
25.647560
25.647560
25.647560
25.647560
25.647560
25.647560
25.647560
25.647560
25.647560
25.647560
25.647560
25.647560
25.647560
25.647560
25.647560
25.647560
25.647560
25.647560
25.647560
25.647560
25.647560
25.647560
25.647560
25.647560
25.647560
25.647560
25.647560
25.647560
25.647560
25.647560
25.647560
25.647560
25.647560
25.647560
25.647560
25.647560
25.647560
25.647560
25.647560
25.647560
25.647560
25.647560
25.647560
25.647560
25.647560
25.647560
25.647560
25.647560
25.647560
25.647560
25.647560
25.647560
25.647560
25.647560
25.647560
25.647560
25.647560
25.647560
25.647560
25.647560
25.647560
25.647560
25.647560
25.647560
25.647560
25.647560
25.647560
25.647560
25.647560
25.647560
25.647560
25.647560
25.647560
25.647560
25.647560
25.647560
25.647560
25.647560
25.647560
25.647560
25.647560
25.647560
25.647560
25.647560
25.647560
25.647560
25.647560
25.647560
25.647560
25.647560
25.647560
25.647560
25.647560
25.647560
25.654689
25.661818
25.668947
25.676076
25.683205
25.690334
25.697463
25.704592
25.711721
25.718850
25.725979
25.733108
25.740237
25.747367
25.754496
25.761625
25.768754
25.775883
25.783012
25.790141
25.797270
25.804399
25.811528
25.818657
25.825786
25.832915
25.840044
25.847173
25.854302
25.861431
25.868560
25.875689
25.882818
25.889947
25.897076
25.904205
25.911334
25.918463
25.925593
25.932722
25.939851
25.946980
25.954109
25.961238
25.968367
25.975496
25.982625
25.989754
25.996883
26.004012
26.011141
26.018270
26.025399
26.032528
26.039657
26.046786
26.053915
26.061044
26.068173
26.075302
26.082431
26.089560
26.096689
26.103819
26.110948
26.118077
26.125206
26.132335
26.139464
26.146593
26.153722
26.160851
26.167980
26.175109
26.182238
26.189367
26.196496
26.203625
26.210754
26.217883
26.225012
26.232141
26.239270
26.246399
26.253528
26.260657
26.267786
26.274915
26.282044
26.289174
26.296303
26.303432
26.310561
26.317690
26.324819
26.331948
26.339077
26.346206
26.353335
26.360464
26.367593
26.374722
26.381851
26.388980
26.396109
26.403238
26.410367
26.417496
26.424625
26.431754
26.438883
26.446012
26.453141
26.460270
26.467400
26.474529
26.481658
26.488787
26.495916
26.503045
26.510174
26.517303
26.524432
26.531561
26.538690
26.545819
26.552948
26.560077
26.567206
26.574335
26.581464
26.588593
26.595722
26.602851
26.609980
26.617109
26.624238
26.631367
26.638496
26.645626
26.652755
26.659884
26.667013
26.674142
26.681271
26.688400
26.695529
26.702658
26.709787
26.716916
26.724045
26.731174
26.738303
26.745432
26.752561
26.759690
26.766819
26.773948
26.781077
26.788206
26.795335
26.802464
26.809593
26.816722
26.823851
26.830981
26.838110
26.845239
26.852368
26.859497
26.866626
26.873755
26.880884
26.888013
26.895142
26.902271
26.909400
26.916529
26.923658
26.930787
26.937916
26.945045
26.952174
26.959303
26.966432
26.973561
26.980690
26.987819
26.994948
27.002077
27.009207
27.016336
27.023465
27.030594
27.037723
27.044852
27.051981
27.059110
27.066239
27.073368
27.080497
27.087626
27.094755
27.101884
27.109013
27.116142
27.123271
27.130400
27.137529
27.144658
27.151787
27.158916
27.166045
27.173174
27.180303
27.187432
27.194562
27.201691
27.208820
27.215949
27.223078
27.230207
27.237336
27.244465
27.251594
27.258723
27.265852
27.272981
27.280110
27.287239
27.294368
27.301497
27.308626
27.315755
27.322884
27.330013
27.337142
27.344271
27.351400
27.358529
27.365658
27.372788
27.379917
27.387046
27.394175
27.401304
27.408433
27.415562
27.422691
27.429820
27.436949
27.444078
27.451207
27.458336
27.465465
27.472594
27.479723
27.486852
27.493981
27.501110
27.508239
27.515368
27.522497
27.529626
27.536755
27.543884
27.551014
27.558143
27.565272
27.572401
27.579530
27.586659
27.593788
27.600917
27.608046
27.615175
27.622304
27.629433
27.636562
27.643691
27.650820
27.657949
27.665078
27.665848
27.665848
27.665848
27.665848
27.665848
27.665848
27.665848
27.665848
27.665848
27.665848
27.665848
27.665848
27.665848
27.665848
27.665848
27.665848
27.665848
27.665848
27.665848
27.665848
27.665848
27.665848
27.665848
27.665848
27.665848
27.665848
27.665848
27.665848
27.665848
27.665848
27.665848
27.665848
27.665848
27.665848
27.665848
27.665848
27.665848
27.665848
27.665848
27.665848
27.665848
27.665848
27.665848
27.665848
27.665848
27.665848
27.665848
27.665848
27.665848
27.665848
27.665848
27.665848
27.665848
27.665848
27.665848
27.665848
27.665848
27.665848
27.665848
27.665848
27.665848
27.665848
27.665848
27.665848
27.665848
27.665848
27.665848
27.665848
27.665848
27.665848
27.665848
27.665848
27.665848
27.665848
27.665848
27.665848
27.665848
27.665848
27.665848
27.665848
27.665848
27.665848
27.665848
27.665848
27.665848
27.665848
27.665848
27.665848
27.665848
27.665848
27.665848
27.665848
27.665848
27.665848
27.665848
27.665848
27.665848
27.665848
27.665848
27.665848
27.665848
27.665848
27.665848
27.665848
27.665848
27.665848
27.665848
27.665848
27.665848
27.665848
27.665848
27.665848
27.665848
27.665848
27.665848
27.665848
27.665848
27.665848
27.665848
27.665848
27.665848
27.665848
27.665848
27.665848
27.665848
27.665848
27.665848
27.665848
27.665848
27.665848
27.665848
27.665848
27.665848
27.665848
27.665848
27.665848
27.665848
27.665848
27.665848
27.665848
27.665848
27.665848
27.665848
27.665848
27.665848
27.665848
27.665848
27.665848
27.665848
27.665848
27.665848
27.665848
27.665848
27.665848
27.665848
27.665848
27.665848
27.665848
27.665848
27.665848
27.665848
27.665848
27.665848
27.665848
27.665848
27.665848
27.665848
27.665848
27.665848
27.665848
27.665848
27.665848
27.665848
27.665848
27.665848
27.665848
27.665848
27.665848
27.665848
27.665848
27.665848
27.665848
27.665848
27.665848
27.665848
27.665848
27.665848
27.665848
27.665848
27.665848
27.665848
27.665848
27.665848
27.665848
27.665848
27.665848
27.665848
27.665848
27.665848
27.665848
27.665848
27.665848
27.665848
27.665848
27.665848
27.665848
27.665848
27.665848
27.665848
27.665848
27.665848
27.665848
27.665848
27.665848
27.665848
27.665848
27.665848
27.665848
27.665848
27.665848
27.665848
27.665848
27.665848
27.665848
27.665848
27.665848
27.665848
27.665848
27.665848
27.665848
27.665848
27.665848
27.665848
27.665848
27.665848
27.665848
27.665848
27.665848
27.665848
27.665848
27.665848
27.665848
27.665848
27.665848
27.665848
27.665848
27.665848
27.665848
27.665848
27.665848
27.665848
27.665848
27.665848
27.665848
27.665848
27.665848
27.665848
27.665848
27.665848
27.665848
27.665848
27.665848
27.665848
27.665848
27.665848
27.665848
27.665848
27.665848
27.665848
27.665848
27.665848
27.665848
27.665848
27.665848
27.665848
27.665848
27.665848
27.665848
27.665848
27.665848
27.665848
27.665848
27.665848
27.665848
27.673010
27.680172
27.687334
27.694496
27.701659
27.708821
27.715983
27.723145
27.730307
27.737469
27.744631
27.751793
27.758955
27.766117
27.773280
27.780442
27.787604
27.794766
27.801928
27.809090
27.816252
27.823414
27.830576
27.837739
27.844901
27.852063
27.859225
27.866387
27.873549
27.880711
27.887873
27.895035
27.902197
27.909360
27.916522
27.923684
27.930846
27.938008
27.945170
27.952332
27.959494
27.966656
27.973818
27.980981
27.988143
27.995305
28.002467
28.009629
28.016791
28.023953
28.031115
28.038277
28.045439
28.052602
28.059764
28.066926
28.074088
28.081250
28.088412
28.095574
28.102736
28.109898
28.117060
28.124223
28.131385
28.138547
28.145709
28.152871
28.160033
28.167195
28.174357
28.181519
28.188681
28.195844
28.203006
28.210168
28.217330
28.224492
28.231654
28.238816
28.245978
28.253140
28.260302
28.267465
28.274627
28.281789
28.288951
28.296113
28.303275
28.310437
28.317599
28.324761
28.331923
28.339086
28.346248
28.353410
28.360572
28.367734
28.374896
28.382058
28.389220
28.396382
28.403544
28.410707
28.417869
28.425031
28.432193
28.439355
28.446517
28.453679
28.460841
28.468003
28.475166
28.482328
28.489490
28.496652
28.503814
28.510976
28.518138
28.525300
28.532462
28.539624
28.546787
28.553949
28.561111
28.568273
28.575435
28.582597
28.589759
28.596921
28.604083
28.611245
28.618408
28.625570
28.632732
28.639894
28.647056
28.654218
28.661380
28.668542
28.675704
28.682866
28.690029
28.697191
28.704353
28.711515
28.718677
28.725839
28.733001
28.740163
28.747325
28.754487
28.761650
28.768812
28.775974
28.783136
28.790298
28.797460
28.804622
28.811784
28.818946
28.826108
28.833271
28.840433
28.847595
28.854757
28.861919
28.869081
28.876243
28.883405
28.890567
28.897729
28.904892
28.912054
28.919216
28.926378
28.933540
28.940702
28.947864
28.955026
28.962188
28.969350
28.976513
28.983675
28.990837
28.997999
29.005161
29.012323
29.019485
29.026647
29.033809
29.040971
29.048134
29.055296
29.062458
29.069620
29.076782
29.083944
29.091106
29.098268
29.105430
29.112592
29.119755
29.126917
29.134079
29.141241
29.148403
29.155565
29.162727
29.169889
29.177051
29.184214
29.191376
29.198538
29.205700
29.212862
29.220024
29.227186
29.234348
29.241510
29.248672
29.255835
29.262997
29.270159
29.277321
29.284483
29.291645
29.298807
29.305969
29.313131
29.320293
29.327456
29.334618
29.341780
29.348942
29.356104
29.363266
29.370428
29.377590
29.384752
29.391914
29.399077
29.406239
29.413401
29.420563
29.427725
29.434887
29.442049
29.449211
29.456373
29.463535
29.470698
29.477860
29.485022
29.492184
29.499346
29.506508
29.513670
29.520832
29.527994
29.535156
29.542319
29.549481
29.556643
29.563805
29.570967
29.578129
29.585291
29.592453
29.599615
29.606777
29.613940
29.621102
29.628264
29.635426
29.642588
29.649750
29.656912
29.664074
29.671236
29.678398
29.685561
