0.000000
0.001000
0.002000
0.003000
0.004000
0.005001
0.006001
0.007001
0.008001
0.009001
0.010001
0.011001
0.012001
0.013001
0.014001
0.015002
0.016002
0.016859
0.016859
0.017859
0.018860
0.019860
0.020860
0.021860
0.022860
0.023860
0.024860
0.025860
0.026860
0.027860
0.028861
0.029861
0.030861
0.031861
0.032861
0.033861
0.034861
0.035861
0.036861
0.037861
0.038862
0.039862
0.040862
0.041862
0.042862
0.043862
0.044862
0.045862
0.046862
0.047862
0.048863
0.049863
0.050863
0.051863
0.052863
0.053863
0.054863
0.055863
0.056863
0.057863
0.058864
0.059864
0.060864
0.061864
0.062864
0.063864
0.064864
0.065864
0.066864
0.067864
0.068865
0.069865
0.070865
0.071865
0.072865
0.073865
0.074865
0.075865
0.076865
0.077865
0.078866
0.079866
0.080866
0.081866
0.082866
0.083866
0.084866
0.085866
0.086866
0.087866
0.088867
0.089867
0.090867
0.091867
0.092867
0.093867
0.094867
0.095867
0.096867
0.097867
0.098868
0.099868
0.100868
0.101868
0.102868
0.103868
0.104868
0.105868
0.106868
0.107868
0.108869
0.109869
0.110869
0.111869
0.112869
0.113869
0.114869
0.115869
0.116869
0.117869
0.118870
0.119870
0.120870
0.121870
0.122870
0.123870
0.124870
0.125870
0.126870
0.127870
0.128871
0.129871
0.130871
0.131871
0.132871
0.133871
0.134871
0.135871
0.136871
0.137871
0.138563
0.138563
0.139563
0.140563
0.141563
0.142563
0.143563
0.144563
0.145563
0.146563
0.147563
0.148564
0.149564
0.150564
0.151564
0.152564
0.153564
0.154564
0.155564
0.156564
0.157564
0.158565
0.159565
0.160565
0.161565
0.162565
0.163565
0.164565
0.165565
0.166565
0.167565
0.168566
0.169566
0.170566
0.171566
0.172566
0.173566
0.174566
0.175566
0.176566
0.177566
0.178567
0.179567
0.180567
0.181567
0.182567
0.183567
0.184567
0.185567
0.186567
0.187567
0.188568
0.189568
0.190568
0.191568
0.192568
0.193568
0.194568
0.195568
0.196568
0.197568
0.198569
0.199569
0.200569
0.201569
0.202569
0.203569
0.204569
0.205569
0.206569
0.207569
0.208570
0.209570
0.210570
0.211570
0.212570
0.213570
0.214570
0.215570
0.216570
0.217570
0.218571
0.219571
0.220571
0.221571
0.222571
0.223571
0.224571
0.225571
0.226571
0.227571
0.228572
0.229572
0.230572
0.231572
0.232572
0.233572
0.234572
0.235572
0.236572
0.237572
0.238573
0.239573
0.240573
0.241573
0.242573
0.243573
0.244573
0.245573
0.246573
0.247573
0.248574
0.249574
0.250574
0.251574
0.252574
0.253574
0.254574
0.255574
0.256574
0.257574
0.258575
0.259256
0.259256
0.260256
0.261256
0.262256
0.263257
0.264257
0.265257
0.266257
0.267257
0.268257
0.269257
0.270257
0.271257
0.272257
0.273258
0.274258
0.275258
0.276258
0.277258
0.278258
0.279258
0.280258
0.281258
0.282258
0.283259
0.284259
0.285259
0.286259
0.287259
0.288259
0.289259
0.290259
0.291259
0.292259
0.293260
0.294260
0.295260
0.296260
0.297260
0.298260
0.299260
0.300260
0.301260
0.302260
0.303261
0.304261
0.305261
0.306261
0.307261
0.308261
0.309261
0.310261
0.311261
0.312261
0.313262
0.314262
0.315262
0.316262
0.317262
0.318262
0.319262
0.320262
0.321262
0.322262
0.323263
0.324263
0.325263
0.326263
0.327263
0.328263
0.329263
0.330263
0.331263
0.332263
0.333264
0.334264
0.335264
0.336264
0.337264
0.338264
0.339264
0.340264
0.341264
0.342264
0.343265
0.344265
0.345265
0.346265
0.347265
0.348265
0.349265
0.350265
0.351265
0.352265
0.353266
0.354266
0.355266
0.356266
0.357266
0.358266
0.359266
0.360266
0.361266
0.362266
0.363267
0.364267
0.365267
0.366267
0.367267
0.368267
0.369267
0.370267
0.371267
0.372267
0.373268
0.374268
0.375268
0.376268
0.377268
0.378268
0.379268
0.380268
0.381268
0.382268
0.383269
0.384269
0.385269
0.386269
0.387269
0.388269
0.389269
0.390269
0.391269
0.392269
0.393270
0.394270
0.395270
0.396270
0.397270
0.398270
0.398379
0.398379
0.399379
0.400379
0.401379
0.402379
0.403379
0.404379
0.405379
0.406379
0.407379
0.408380
0.409380
0.410380
0.411380
0.412380
0.413380
0.414380
0.415380
0.416380
0.417380
0.418381
0.419381
0.420381
0.421381
0.422381
0.423381
0.424381
0.425381
0.426381
0.427381
0.428382
0.429382
0.430382
0.431382
0.432382
0.433382
0.434382
0.435382
0.436382
0.437382
0.438383
0.439383
0.440383
0.441383
0.442383
0.443383
0.444383
0.445383
0.446383
0.447383
0.448384
0.449384
0.450384
0.451384
0.452384
0.453384
0.454384
0.455384
0.456384
0.457384
0.458385
0.459385
0.460385
0.461385
0.462385
0.463385
0.464385
0.465385
0.466385
0.467385
0.468386
0.469386
0.470386
0.471386
0.472386
0.473386
0.474386
0.475386
0.476386
0.477386
0.478387
0.479387
0.480387
0.481387
0.482387
0.483387
0.484387
0.485387
0.486387
0.487387
0.488388
0.489388
0.490388
0.491388
0.492388
0.493388
0.494388
0.495388
0.496388
0.497388
0.498389
0.499389
0.500389
0.501389
0.502389
0.503389
0.504389
0.505389
0.506389
0.507389
0.508390
0.509390
0.510390
0.511390
0.512390
0.513390
0.514390
0.514758
0.514758
0.515758
0.516758
0.517758
0.518758
0.519759
0.520759
0.521759
0.522759
0.523759
0.524759
0.525759
0.526759
0.527759
0.528759
0.529760
0.530760
0.531760
0.532760
0.533760
0.534760
0.535760
0.536760
0.537760
0.538760
0.539761
0.540761
0.541761
0.542761
0.543761
0.544761
0.545761
0.546761
0.547761
0.548761
0.549762
0.550762
0.551762
0.552762
0.553762
0.554762
0.555762
0.556762
0.557762
0.558762
0.559763
0.560763
0.561763
0.562763
0.563763
0.564763
0.565763
0.566763
0.567763
0.568763
0.569764
0.570764
0.571764
0.572764
0.573764
0.574764
0.575764
0.576764
0.577764
0.578764
0.579765
0.580765
0.581765
0.582765
0.583765
0.584765
0.585765
0.586765
0.587765
0.588765
0.589766
0.590766
0.591766
0.592766
0.593766
0.594766
0.595766
0.596766
0.597766
0.598766
0.599767
0.600767
0.601767
0.602767
0.603767
0.604767
0.605767
0.606767
0.607767
0.608767
0.609768
0.610768
0.611768
0.612768
0.613768
0.614768
0.615768
0.616768
0.617768
0.618768
0.619769
0.620769
0.621769
0.622769
0.623769
0.624769
0.625769
0.626769
0.627769
0.628769
0.629770
0.630770
0.631770
0.632770
0.633770
0.634770
0.635770
0.636770
0.637770
0.638770
0.639771
0.640771
0.641771
0.642771
0.643771
0.644771
0.645771
0.646771
0.647771
0.648771
0.649772
0.650772
0.651772
0.652772
0.653772
0.654772
0.655772
0.656772
0.657772
0.658772
0.659773
0.660464
0.660464
0.661464
0.662464
0.663464
0.664465
0.665465
0.666465
0.667465
0.668465
0.669465
0.670465
0.671465
0.672465
0.673465
0.674466
0.675466
0.676466
0.677466
0.678466
0.679466
0.680466
0.681466
0.682466
0.683466
0.684467
0.685467
0.686467
0.687467
0.688467
0.689467
0.690467
0.691467
0.692467
0.693467
0.694468
0.695468
0.696468
0.697468
0.698468
0.699468
0.700468
0.701468
0.702468
0.703468
0.704469
0.705469
0.706469
0.707469
0.708469
0.709469
0.710469
0.711469
0.712469
0.713469
0.714470
0.715470
0.716470
0.717470
0.718470
0.719470
0.720470
0.721470
0.722470
0.723470
0.724471
0.725471
0.726471
0.727471
0.728471
0.729471
0.730471
0.731471
0.732471
0.733471
0.734472
0.735472
0.736472
0.737472
0.738472
0.739472
0.740472
0.741472
0.742472
0.743472
0.744473
0.745473
0.746473
0.747473
0.748473
0.749473
0.750473
0.751473
0.752473
0.753473
0.754474
0.755474
0.756474
0.757474
0.758474
0.759474
0.760474
0.761474
0.762474
0.763474
0.764475
0.765475
0.766475
0.767475
0.768475
0.769475
0.770475
0.771475
0.772475
0.773475
0.774476
0.775476
0.776476
0.776890
0.776890
0.777890
0.778890
0.779890
0.780890
0.781890
0.782891
0.783891
0.784891
0.785891
0.786891
0.787891
0.788891
0.789891
0.790891
0.791891
0.792892
0.793892
0.794892
0.795892
0.796892
0.797892
0.798892
0.799892
0.800892
0.801892
0.802893
0.803893
0.804893
0.805893
0.806893
0.807893
0.808893
0.809893
0.810893
0.811893
0.812894
0.813894
0.814894
0.815894
0.816894
0.817894
0.818894
0.819894
0.820894
0.821894
0.822895
0.823895
0.824895
0.825895
0.826895
0.827895
0.828895
0.829895
0.830895
0.831895
0.832896
0.833896
0.834896
0.835896
0.836896
0.837896
0.838896
0.839896
0.840896
0.841896
0.842897
0.843897
0.844897
0.845897
0.846897
0.847897
0.848897
0.849897
0.850897
0.851897
0.852898
0.853898
0.854898
0.855898
0.856898
0.857898
0.858898
0.859898
0.860898
0.861898
0.862899
0.863899
0.864899
0.865899
0.866899
0.867899
0.868899
0.869899
0.870899
0.871899
0.872900
0.873900
0.874900
0.875900
0.876900
0.877900
0.878900
0.879900
0.880900
0.881900
0.882901
0.883901
0.884901
0.885901
0.886901
0.887901
0.888901
0.889901
0.890901
0.891901
0.892902
0.893902
0.894902
0.895902
0.896902
0.897902
0.898902
0.899902
0.900902
0.901902
0.902903
0.903903
0.904903
0.905903
0.906903
0.907903
0.908903
0.909903
0.910903
0.911903
0.912904
0.913904
0.914904
0.915904
0.916904
0.917904
0.918904
0.919904
0.920904
0.921904
0.922905
0.923905
0.924905
0.925905
0.926562
0.926562
0.927563
0.928563
0.929563
0.930563
0.931563
0.932563
0.933563
0.934563
0.935563
0.936563
0.937564
0.938564
0.939564
0.940564
0.941564
0.942564
0.943564
0.944564
0.945564
0.946564
0.947565
0.948565
0.949565
0.950565
0.951565
0.952565
0.953565
0.954565
0.955565
0.956565
0.957566
0.958566
0.959566
0.960566
0.961566
0.962566
0.963566
0.964566
0.965566
0.966566
0.967567
0.968567
0.969567
0.970567
0.971567
0.972567
0.973567
0.974567
0.975567
0.976567
0.977568
0.978568
0.979568
0.980568
0.981568
0.982568
0.983568
0.984568
0.985568
0.986568
0.987569
0.988569
0.989569
0.990569
0.991569
0.992569
0.993569
0.994569
0.995569
0.996569
0.997570
0.998570
0.999570
1.000570
1.001570
1.002570
1.003570
1.004570
1.005570
1.006570
1.007571
1.008571
1.009571
1.010571
1.011571
1.012571
1.013571
1.014571
1.015571
1.016571
1.017572
1.018572
1.019572
1.020572
1.021572
1.022572
1.023572
1.024572
1.025572
1.026572
1.027573
1.028573
1.029573
1.030573
1.031573
1.032573
1.033573
1.034573
1.035573
1.036573
1.037574
1.038574
1.039574
1.040574
1.041574
1.042574
1.043031
1.043031
1.044031
1.045031
1.046031
1.047031
1.048031
1.049031
1.050032
1.051032
1.052032
1.053032
1.054032
1.055032
1.056032
1.057032
1.058032
1.059032
1.060033
1.061033
1.062033
1.063033
1.064033
1.065033
1.066033
1.067033
1.068033
1.069033
1.070034
1.071034
1.072034
1.073034
1.074034
1.075034
1.076034
1.077034
1.078034
1.079034
1.080035
1.081035
1.082035
1.083035
1.084035
1.085035
1.086035
1.087035
1.088035
1.089035
1.090036
1.091036
1.092036
1.093036
1.094036
1.095036
1.096036
1.097036
1.098036
1.099036
1.100037
1.101037
1.102037
1.103037
1.104037
1.105037
1.106037
1.107037
1.108037
1.109037
1.110038
1.111038
1.112038
1.113038
1.114038
1.115038
1.116038
1.117038
1.118038
1.119038
1.120039
1.121039
1.122039
1.123039
1.124039
1.125039
1.126039
1.127039
1.128039
1.129039
1.130040
1.131040
1.132040
1.133040
1.134040
1.135040
1.136040
1.137040
1.138040
1.139040
1.140041
1.141041
1.142041
1.143041
1.144041
1.145041
1.146041
1.147041
1.148041
1.149041
1.150042
1.151042
1.152042
1.153042
1.154042
1.155042
1.156042
1.157042
1.158042
1.159042
1.160043
1.161043
1.162043
1.163043
1.164043
1.165043
1.166043
1.167043
1.168043
1.169043
1.170044
1.171044
1.172044
1.173044
1.174044
1.175044
1.176044
1.177044
1.178044
1.179044
1.180045
1.181045
1.182045
1.183045
1.184045
1.185045
1.186045
1.187045
1.188045
1.189045
1.190046
1.191046
1.192046
1.192233
1.192233
1.193233
1.194233
1.195233
1.196233
1.197233
1.198234
1.199234
1.200234
1.201234
1.202234
1.203234
1.204234
1.205234
1.206234
1.207234
1.208235
1.209235
1.210235
1.211235
1.212235
1.213235
1.214235
1.215235
1.216235
1.217235
1.218236
1.219236
1.220236
1.221236
1.222236
1.223236
1.224236
1.225236
1.226236
1.227236
1.228237
1.229237
1.230237
1.231237
1.232237
1.233237
1.234237
1.235237
1.236237
1.237237
1.238238
1.239238
1.240238
1.241238
1.242238
1.243238
1.244238
1.245238
1.246238
1.247238
1.248239
1.249239
1.250239
1.251239
1.252239
1.253239
1.254239
1.255239
1.256239
1.257239
1.258240
1.259240
1.260240
1.261240
1.262240
1.263240
1.264240
1.265240
1.266240
1.267240
1.268241
1.269241
1.270241
1.271241
1.272241
1.273241
1.274241
1.275241
1.276241
1.277241
1.278242
1.279242
1.280242
1.281242
1.282242
1.283242
1.284242
1.285242
1.286242
1.287242
1.288243
1.289243
1.290243
1.291243
1.292243
1.293243
1.294243
1.295243
1.296243
1.297243
1.298244
1.299244
1.300244
1.301244
1.302244
1.303244
1.304244
1.305244
1.306244
1.307244
1.308245
1.309245
1.310017
1.310017
1.311018
1.312018
1.313018
1.314018
1.315018
1.316018
1.317018
1.318018
1.319018
1.320018
1.321019
1.322019
1.323019
1.324019
1.325019
1.326019
1.327019
1.328019
1.329019
1.330019
1.331020
1.332020
1.333020
1.334020
1.335020
1.336020
1.337020
1.338020
1.339020
1.340020
1.341021
1.342021
1.343021
1.344021
1.345021
1.346021
1.347021
1.348021
1.349021
1.350021
1.351022
1.352022
1.353022
1.354022
1.355022
1.356022
1.357022
1.358022
1.359022
1.360022
1.361023
1.362023
1.363023
1.364023
1.365023
1.366023
1.367023
1.368023
1.369023
1.370023
1.371024
1.372024
1.373024
1.374024
1.375024
1.376024
1.377024
1.378024
1.379024
1.380024
1.381025
1.382025
1.383025
1.384025
1.385025
1.386025
1.387025
1.388025
1.389025
1.390025
1.391026
1.392026
1.393026
1.394026
1.395026
1.396026
1.397026
1.398026
1.399026
1.400026
1.401027
1.402027
1.403027
1.404027
1.405027
1.406027
1.407027
1.408027
1.409027
1.410027
1.411028
1.412028
1.413028
1.414028
1.415028
1.416028
1.417028
1.418028
1.419028
1.420028
1.421029
1.422029
1.423029
1.424029
1.425029
1.426029
1.427029
1.428029
1.429029
1.430029
1.431030
1.432030
1.433030
1.434030
1.435030
1.436030
1.437030
1.438030
1.439030
1.440030
1.441031
1.442031
1.443031
1.444031
1.445031
1.446031
1.447031
1.448031
1.449031
1.450031
1.451032
1.452032
1.453032
1.454032
1.455032
1.456032
1.457032
1.458032
1.459032
1.460032
1.461033
1.461316
1.461316
1.462316
1.463316
1.464316
1.465316
1.466316
1.467316
1.468316
1.469317
1.470317
1.471317
1.472317
1.473317
1.474317
1.475317
1.476317
1.477317
1.478317
1.479318
1.480318
1.481318
1.482318
1.483318
1.484318
1.485318
1.486318
1.487318
1.488318
1.489319
1.490319
1.491319
1.492319
1.493319
1.494319
1.495319
1.496319
1.497319
1.498319
1.499320
1.500320
1.501320
1.502320
1.503320
1.504320
1.505320
1.506320
1.507320
1.508320
1.509321
1.510321
1.511321
1.512321
1.513321
1.514321
1.515321
1.516321
1.517321
1.518321
1.519322
1.520322
1.521322
1.522322
1.523322
1.524322
1.525322
1.526322
1.527322
1.528322
1.529323
1.530323
1.531323
1.532323
1.533323
1.534323
1.535323
1.536323
1.537323
1.538323
1.539324
1.540324
1.541324
1.542324
1.543324
1.544324
1.545324
1.546324
1.547324
1.548324
1.549325
1.550325
1.551325
1.552325
1.553325
1.554325
1.555325
1.556325
1.557325
1.558325
1.559326
1.560326
1.561326
1.562326
1.563326
1.564326
1.565326
1.566326
1.567326
1.568326
1.569327
1.570327
1.571327
1.572327
1.573327
1.574327
1.575327
1.576327
1.577327
1.578327
1.579328
1.580097
1.580097
1.581097
1.582097
1.583097
1.584098
1.585098
1.586098
1.587098
1.588098
1.589098
1.590098
1.591098
1.592098
1.593098
1.594099
1.595099
1.596099
1.597099
1.598099
1.599099
1.600099
1.601099
1.602099
1.603099
1.604100
1.605100
1.606100
1.607100
1.608100
1.609100
1.610100
1.611100
1.612100
1.613100
1.614101
1.615101
1.616101
1.617101
1.618101
1.619101
1.620101
1.621101
1.622101
1.623101
1.624102
1.625102
1.626102
1.627102
1.628102
1.629102
1.630102
1.631102
1.632102
1.633102
1.634103
1.635103
1.636103
1.637103
1.638103
1.639103
1.640103
1.641103
1.642103
1.643103
1.644104
1.645104
1.646104
1.647104
1.648104
1.649104
1.650104
1.651104
1.652104
1.653104
1.654105
1.655105
1.656105
1.657105
1.658105
1.659105
1.660105
1.661105
1.662105
1.663105
1.664106
1.665106
1.666106
1.667106
1.668106
1.669106
1.670106
1.671106
1.672106
1.673106
1.674107
1.675107
1.676107
1.677107
1.678107
1.679107
1.680107
1.681107
1.682107
1.683107
1.684108
1.685108
1.686108
1.687108
1.688108
1.689108
1.690108
1.691108
1.692108
1.693108
1.694109
1.695109
1.696109
1.697109
1.698109
1.699109
1.700109
1.701109
1.702109
1.703109
1.704110
1.705110
1.706110
1.707110
1.708110
1.709110
1.710110
1.711110
1.712110
1.713110
1.714111
1.715111
1.716111
1.717111
1.718111
1.719111
1.720111
1.721111
1.722111
1.723111
1.724112
1.725112
1.726112
1.727112
1.728112
1.729112
1.730112
1.730934
1.730934
1.731935
1.732935
1.733935
1.734935
1.735935
1.736935
1.737935
1.738935
1.739935
1.740935
1.741936
1.742936
1.743936
1.744936
1.745936
1.746936
1.747936
1.748936
1.749936
1.750936
1.751937
1.752937
1.753937
1.754937
1.755937
1.756937
1.757937
1.758937
1.759937
1.760937
1.761938
1.762938
1.763938
1.764938
1.765938
1.766938
1.767938
1.768938
1.769938
1.770938
1.771939
1.772939
1.773939
1.774939
1.775939
1.776939
1.777939
1.778939
1.779939
1.780939
1.781940
1.782940
1.783940
1.784940
1.785940
1.786940
1.787940
1.788940
1.789940
1.790940
1.791941
1.792941
1.793941
1.794941
1.795941
1.796941
1.797941
1.798941
1.799941
1.800941
1.801942
1.802942
1.803942
1.804942
1.805942
1.806942
1.807942
1.808942
1.809942
1.810942
1.811943
1.812943
1.813943
1.814943
1.815943
1.816943
1.817943
1.818943
1.819943
1.820943
1.821944
1.822944
1.823944
1.824944
1.825944
1.826944
1.827944
1.828944
1.829944
1.830944
1.831945
1.832945
1.833945
1.834945
1.835945
1.836945
1.837945
1.838945
1.839945
1.840945
1.841946
1.842946
1.843946
1.844946
1.845946
1.846946
1.847946
1.848946
1.849946
1.850946
1.851372
1.851372
1.852372
1.853372
1.854372
1.855372
1.856372
1.857372
1.858372
1.859373
1.860373
1.861373
1.862373
1.863373
1.864373
1.865373
1.866373
1.867373
1.868373
1.869374
1.870374
1.871374
1.872374
1.873374
1.874374
1.875374
1.876374
1.877374
1.878374
1.879375
1.880375
1.881375
1.882375
1.883375
1.884375
1.885375
1.886375
1.887375
1.888375
1.889376
1.890376
1.891376
1.892376
1.893376
1.894376
1.895376
1.896376
1.897376
1.898376
1.899377
1.900377
1.901377
1.902377
1.903377
1.904377
1.905377
1.906377
1.907377
1.908377
1.909378
1.910378
1.911378
1.912378
1.913378
1.914378
1.915378
1.916378
1.917378
1.918378
1.919379
1.920379
1.921379
1.922379
1.923379
1.924379
1.925379
1.926379
1.927379
1.928379
1.929380
1.930380
1.931380
1.932380
1.933380
1.934380
1.935380
1.936380
1.937380
1.938380
1.939381
1.940381
1.941381
1.942381
1.943381
1.944381
1.945381
1.946381
1.947381
1.948381
1.949382
1.950382
1.951382
1.952382
1.953382
1.954382
1.955382
1.956382
1.957382
1.958382
1.959383
1.960383
1.961383
1.962383
1.963383
1.964383
1.965383
1.966383
1.967383
1.968383
1.969384
1.970384
1.971384
1.972384
1.973384
1.974384
1.975384
1.976384
1.977384
1.978384
1.979385
1.980385
1.981385
1.982385
1.983385
1.984385
1.985385
1.986385
1.987385
1.988385
1.989386
1.990386
1.991386
1.992386
1.993386
1.994386
1.995386
1.996386
1.997386
1.998386
1.999387
2.000387
2.001387
2.002387
2.003268
2.003268
2.004268
2.005268
2.006269
2.007269
2.008269
2.009269
2.010269
2.011269
2.012269
2.013269
2.014269
2.015269
2.016270
2.017270
2.018270
2.019270
2.020270
2.021270
2.022270
2.023270
2.024270
2.025270
2.026271
2.027271
2.028271
2.029271
2.030271
2.031271
2.032271
2.033271
2.034271
2.035271
2.036272
2.037272
2.038272
2.039272
2.040272
2.041272
2.042272
2.043272
2.044272
2.045272
2.046273
2.047273
2.048273
2.049273
2.050273
2.051273
2.052273
2.053273
2.054273
2.055273
2.056274
2.057274
2.058274
2.059274
2.060274
2.061274
2.062274
2.063274
2.064274
2.065274
2.066275
2.067275
2.068275
2.069275
2.070275
2.071275
2.072275
2.073275
2.074275
2.075275
2.076276
2.077276
2.078276
2.079276
2.080276
2.081276
2.082276
2.083276
2.084276
2.085276
2.086277
2.087277
2.088277
2.089277
2.090277
2.091277
2.092277
2.093277
2.094277
2.095277
2.096278
2.097278
2.098278
2.099278
2.100278
2.101278
2.102278
2.103278
2.104278
2.105278
2.106279
2.107279
2.108279
2.109279
2.110279
2.111279
2.112279
2.113279
2.114279
2.115279
2.116280
2.117280
2.118280
2.119280
2.120280
2.121280
2.122280
2.123280
2.124280
2.125279
2.125279
2.126280
2.127280
2.128280
2.129280
2.130280
2.131280
2.132280
2.133280
2.134280
2.135280
2.136281
2.137281
2.138281
2.139281
2.140281
2.141281
2.142281
2.143281
2.144281
2.145281
2.146282
2.147282
2.148282
2.149282
2.150282
2.151282
2.152282
2.153282
2.154282
2.155282
2.156283
2.157283
2.158283
2.159283
2.160283
2.161283
2.162283
2.163283
2.164283
2.165283
2.166284
2.167284
2.168284
2.169284
2.170284
2.171284
2.172284
2.173284
2.174284
2.175284
2.176285
2.177285
2.178285
2.179285
2.180285
2.181285
2.182285
2.183285
2.184285
2.185285
2.186286
2.187286
2.188286
2.189286
2.190286
2.191286
2.192286
2.193286
2.194286
2.195286
2.196287
2.197287
2.198287
2.199287
2.200287
2.201287
2.202287
2.203287
2.204287
2.205287
2.206288
2.207288
2.208288
2.209288
2.210288
2.211288
2.212288
2.213288
2.214288
2.215288
2.216289
2.217289
2.218289
2.219289
2.220289
2.221289
2.222289
2.223289
2.224289
2.225289
2.226290
2.227290
2.228290
2.229290
2.230290
2.231290
2.232290
2.233290
2.234290
2.235290
2.236291
2.237291
2.238291
2.239291
2.240291
2.241291
2.242291
2.243291
2.244291
2.245291
2.246292
2.247292
2.248292
2.249292
2.250292
2.251292
2.252292
2.253292
2.254292
2.255292
2.256293
2.257293
2.258293
2.259293
2.260293
2.261293
2.262293
2.263293
2.264293
2.265293
2.266294
2.267294
2.268294
2.269294
2.270294
2.271294
2.272294
2.273294
2.274294
2.275294
2.276295
2.277254
2.277254
2.278254
2.279254
2.280255
2.281255
2.282255
2.283255
2.284255
2.285255
2.286255
2.287255
2.288255
2.289255
2.290256
2.291256
2.292256
2.293256
2.294256
2.295256
2.296256
2.297256
2.298256
2.299256
2.300257
2.301257
2.302257
2.303257
2.304257
2.305257
2.306257
2.307257
2.308257
2.309257
2.310258
2.311258
2.312258
2.313258
2.314258
2.315258
2.316258
2.317258
2.318258
2.319258
2.320259
2.321259
2.322259
2.323259
2.324259
2.325259
2.326259
2.327259
2.328259
2.329259
2.330260
2.331260
2.332260
2.333260
2.334260
2.335260
2.336260
2.337260
2.338260
2.339260
2.340261
2.341261
2.342261
2.343261
2.344261
2.345261
2.346261
2.347261
2.348261
2.349261
2.350262
2.351262
2.352262
2.353262
2.354262
2.355262
2.356262
2.357262
2.358262
2.359262
2.360263
2.361263
2.362263
2.363263
2.364263
2.365263
2.366263
2.367263
2.368263
2.369263
2.370264
2.371264
2.372264
2.373264
2.374264
2.375264
2.376264
2.377264
2.378264
2.379264
2.380265
2.381265
2.382265
2.383265
2.384265
2.385265
2.386265
2.387265
2.388265
2.389265
2.390266
2.391266
2.392266
2.393266
2.394266
2.395266
2.396266
2.397266
2.398266
2.399266
2.400267
2.401130
2.401130
2.402130
2.403130
2.404130
2.405130
2.406130
2.407130
2.408130
2.409130
2.410130
2.411131
2.412131
2.413131
2.414131
2.415131
2.416131
2.417131
2.418131
2.419131
2.420131
2.421132
2.422132
2.423132
2.424132
2.425132
2.426132
2.427132
2.428132
2.429132
2.430132
2.431133
2.432133
2.433133
2.434133
2.435133
2.436133
2.437133
2.438133
2.439133
2.440133
2.441134
2.442134
2.443134
2.444134
2.445134
2.446134
2.447134
2.448134
2.449134
2.450134
2.451135
2.452135
2.453135
2.454135
2.455135
2.456135
2.457135
2.458135
2.459135
2.460135
2.461136
2.462136
2.463136
2.464136
2.465136
2.466136
2.467136
2.468136
2.469136
2.470136
2.471137
2.472137
2.473137
2.474137
2.475137
2.476137
2.477137
2.478137
2.479137
2.480137
2.481138
2.482138
2.483138
2.484138
2.485138
2.486138
2.487138
2.488138
2.489138
2.490138
2.491139
2.492139
2.493139
2.494139
2.495139
2.496139
2.497139
2.498139
2.499139
2.500139
2.501140
2.502140
2.503140
2.504140
2.505140
2.506140
2.507140
2.508140
2.509140
2.510140
2.511141
2.512141
2.513141
2.514141
2.515141
2.516141
2.517141
2.518141
2.519141
2.520141
2.521142
2.522142
2.523142
2.524142
2.525142
2.526142
2.527142
2.528142
2.529142
2.530142
2.531143
2.532143
2.533143
2.534143
2.535143
2.536143
2.537143
2.538143
2.539143
2.540143
2.541144
2.542144
2.543144
2.544144
2.545144
2.546144
2.547144
2.548144
2.549144
2.550144
2.551145
2.552145
2.553145
2.553510
2.553510
2.554510
2.555510
2.556510
2.557510
2.558510
2.559510
2.560510
2.561510
2.562510
2.563511
2.564511
2.565511
2.566511
2.567511
2.568511
2.569511
2.570511
2.571511
2.572511
2.573512
2.574512
2.575512
2.576512
2.577512
2.578512
2.579512
2.580512
2.581512
2.582512
2.583513
2.584513
2.585513
2.586513
2.587513
2.588513
2.589513
2.590513
2.591513
2.592513
2.593514
2.594514
2.595514
2.596514
2.597514
2.598514
2.599514
2.600514
2.601514
2.602514
2.603515
2.604515
2.605515
2.606515
2.607515
2.608515
2.609515
2.610515
2.611515
2.612515
2.613516
2.614516
2.615516
2.616516
2.617516
2.618516
2.619516
2.620516
2.621516
2.622516
2.623517
2.624517
2.625517
2.626517
2.627517
2.628517
2.629517
2.630517
2.631517
2.632517
2.633518
2.634518
2.635518
2.636518
2.637518
2.638518
2.639518
2.640518
2.641518
2.642518
2.643519
2.644519
2.645519
2.646519
2.647519
2.648519
2.649519
2.650519
2.651519
2.652519
2.653520
2.654520
2.655520
2.656520
2.657520
2.658520
2.659520
2.660520
2.661520
2.662520
2.663521
2.664521
2.665521
2.666521
2.667521
2.668521
2.669521
2.670521
2.671521
2.672521
2.673522
2.674522
2.675522
2.676522
2.677522
2.678522
2.679276
2.679276
2.680276
2.681276
2.682276
2.683277
2.684277
2.685277
2.686277
2.687277
2.688277
2.689277
2.690277
2.691277
2.692277
2.693278
2.694278
2.695278
2.696278
2.697278
2.698278
2.699278
2.700278
2.701278
2.702278
2.703279
2.704279
2.705279
2.706279
2.707279
2.708279
2.709279
2.710279
2.711279
2.712279
2.713280
2.714280
2.715280
2.716280
2.717280
2.718280
2.719280
2.720280
2.721280
2.722280
2.723281
2.724281
2.725281
2.726281
2.727281
2.728281
2.729281
2.730281
2.731281
2.732281
2.733282
2.734282
2.735282
2.736282
2.737282
2.738282
2.739282
2.740282
2.741282
2.742282
2.743283
2.744283
2.745283
2.746283
2.747283
2.748283
2.749283
2.750283
2.751283
2.752283
2.753284
2.754284
2.755284
2.756284
2.757284
2.758284
2.759284
2.760284
2.761284
2.762284
2.763285
2.764285
2.765285
2.766285
2.767285
2.768285
2.769285
2.770285
2.771285
2.772285
2.773286
2.774286
2.775286
2.776286
2.777286
2.778286
2.779286
2.780286
2.781286
2.782286
2.783287
2.784287
2.785287
2.786287
2.787287
2.788287
2.789287
2.790287
2.791287
2.792287
2.793288
2.794288
2.795288
2.796288
2.797288
2.798288
2.799288
2.800288
2.801288
2.802288
2.803289
2.804289
2.805289
2.806289
2.807289
2.808289
2.809289
2.810289
2.811289
2.812289
2.813290
2.814290
2.815290
2.816290
2.817290
2.818290
2.819290
2.820290
2.821290
2.822290
2.823291
2.824291
2.825291
2.826291
2.827291
2.828291
2.829291
2.830291
2.831291
2.831585
2.831585
2.832586
2.833586
2.834586
2.835586
2.836586
2.837586
2.838586
2.839586
2.840586
2.841586
2.842587
2.843587
2.844587
2.845587
2.846587
2.847587
2.848587
2.849587
2.850587
2.851587
2.852588
2.853588
2.854588
2.855588
2.856588
2.857588
2.858588
2.859588
2.860588
2.861588
2.862589
2.863589
2.864589
2.865589
2.866589
2.867589
2.868589
2.869589
2.870589
2.871589
2.872590
2.873590
2.874590
2.875590
2.876590
2.877590
2.878590
2.879590
2.880590
2.881590
2.882591
2.883591
2.884591
2.885591
2.886591
2.887591
2.888591
2.889591
2.890591
2.891591
2.892592
2.893592
2.894592
2.895592
2.896592
2.897592
2.898592
2.899592
2.900592
2.901592
2.902593
2.903593
2.904593
2.905593
2.906593
2.907593
2.908593
2.909593
2.910593
2.911593
2.912594
2.913594
2.914594
2.915594
2.916594
2.917594
2.918594
2.919594
2.920594
2.921594
2.922595
2.923595
2.924595
2.925595
2.926595
2.927595
2.928595
2.929595
2.930595
2.931595
2.932596
2.933596
2.934596
2.935596
2.936596
2.937596
2.938596
2.939596
2.940596
2.941596
2.942597
2.943597
2.944597
2.945597
2.946597
2.947597
2.948597
2.949597
2.950597
2.951597
2.952598
2.953598
2.954598
2.955598
2.956598
2.957598
2.958598
2.959327
2.959327
2.960327
2.961327
2.962327
2.963327
2.964327
2.965327
2.966327
2.967327
2.968327
2.969328
2.970328
2.971328
2.972328
2.973328
2.974328
2.975328
2.976328
2.977328
2.978328
2.979329
2.980329
2.981329
2.982329
2.983329
2.984329
2.985329
2.986329
2.987329
2.988329
2.989330
2.990330
2.991330
2.992330
2.993330
2.994330
2.995330
2.996330
2.997330
2.998330
2.999331
3.000331
3.001331
3.002331
3.003331
3.004331
3.005331
3.006331
3.007331
3.008331
3.009332
3.010332
3.011332
3.012332
3.013332
3.014332
3.015332
3.016332
3.017332
3.018332
3.019333
3.020333
3.021333
3.022333
3.023333
3.024333
3.025333
3.026333
3.027333
3.028333
3.029334
3.030334
3.031334
3.032334
3.033334
3.034334
3.035334
3.036334
3.037334
3.038334
3.039335
3.040335
3.041335
3.042335
3.043335
3.044335
3.045335
3.046335
3.047335
3.048335
3.049336
3.050336
3.051336
3.052336
3.053336
3.054336
3.055336
3.056336
3.057336
3.058336
3.059337
3.060337
3.061337
3.062337
3.063337
3.064337
3.065337
3.066337
3.067337
3.068337
3.069338
3.070338
3.071338
3.072338
3.073338
3.074338
3.075338
3.076338
3.077338
3.078338
3.079339
3.080339
3.081339
3.082339
3.083339
3.084339
3.085339
3.086339
3.087339
3.088339
3.089340
3.090340
3.091340
3.092340
3.093340
3.094340
3.095340
3.096340
3.097340
3.098340
3.099341
3.100341
3.101341
3.102341
3.103341
3.104341
3.105341
3.106341
3.107341
3.108341
3.109342
3.110342
3.111328
3.111328
3.112328
3.113328
3.114328
3.115329
3.116329
3.117329
3.118329
3.119329
3.120329
3.121329
3.122329
3.123329
3.124329
3.125330
3.126330
3.127330
3.128330
3.129330
3.130330
3.131330
3.132330
3.133330
3.134330
3.135331
3.136331
3.137331
3.138331
3.139331
3.140331
3.141331
3.142331
3.143331
3.144331
3.145332
3.146332
3.147332
3.148332
3.149332
3.150332
3.151332
3.152332
3.153332
3.154332
3.155333
3.156333
3.157333
3.158333
3.159333
3.160333
3.161333
3.162333
3.163333
3.164333
3.165334
3.166334
3.167334
3.168334
3.169334
3.170334
3.171334
3.172334
3.173334
3.174334
3.175335
3.176335
3.177335
3.178335
3.179335
3.180335
3.181335
3.182335
3.183335
3.184335
3.185336
3.186336
3.187336
3.188336
3.189336
3.190336
3.191336
3.192336
3.193336
3.194336
3.195337
3.196337
3.197337
3.198337
3.199337
3.200337
3.201337
3.202337
3.203337
3.204337
3.205338
3.206338
3.207338
3.208338
3.209338
3.210338
3.211338
3.212338
3.213338
3.214338
3.215339
3.216339
3.217339
3.218339
3.219339
3.220339
3.221339
3.222339
3.223339
3.224339
3.225340
3.226340
3.227340
3.228340
3.229340
3.230340
3.231340
3.232340
3.233340
3.234340
3.235341
3.236341
3.237341
3.238341
3.239341
3.240341
3.241005
3.241005
3.242005
3.243006
3.244006
3.245006
3.246006
3.247006
3.248006
3.249006
3.250006
3.251006
3.252006
3.253007
3.254007
3.255007
3.256007
3.257007
3.258007
3.259007
3.260007
3.261007
3.262007
3.263008
3.264008
3.265008
3.266008
3.267008
3.268008
3.269008
3.270008
3.271008
3.272008
3.273009
3.274009
3.275009
3.276009
3.277009
3.278009
3.279009
3.280009
3.281009
3.282009
3.283010
3.284010
3.285010
3.286010
3.287010
3.288010
3.289010
3.290010
3.291010
3.292010
3.293011
3.294011
3.295011
3.296011
3.297011
3.298011
3.299011
3.300011
3.301011
3.302011
3.303012
3.304012
3.305012
3.306012
3.307012
3.308012
3.309012
3.310012
3.311012
3.312012
3.313013
3.314013
3.315013
3.316013
3.317013
3.318013
3.319013
3.320013
3.321013
3.322013
3.323014
3.324014
3.325014
3.326014
3.327014
3.328014
3.329014
3.330014
3.331014
3.332014
3.333015
3.334015
3.335015
3.336015
3.337015
3.338015
3.339015
3.340015
3.341015
3.342015
3.343016
3.344016
3.345016
3.346016
3.347016
3.348016
3.349016
3.350016
3.351016
3.352016
3.353017
3.354017
3.355017
3.356017
3.357017
3.358017
3.359017
3.360017
3.361017
3.362017
3.363018
3.364018
3.365018
3.366018
3.367018
3.368018
3.369018
3.370018
3.371018
3.372018
3.373019
3.374019
3.375019
3.376019
3.377019
3.378019
3.379019
3.380019
3.381019
3.382019
3.383020
3.384020
3.385020
3.386020
3.387020
3.388020
3.389020
3.390020
3.391020
3.392020
3.392236
3.392236
3.393237
3.394237
3.395237
3.396237
3.397237
3.398237
3.399237
3.400237
3.401237
3.402237
3.403238
3.404238
3.405238
3.406238
3.407238
3.408238
3.409238
3.410238
3.411238
3.412238
3.413239
3.414239
3.415239
3.416239
3.417239
3.418239
3.419239
3.420239
3.421239
3.422239
3.423240
3.424240
3.425240
3.426240
3.427240
3.428240
3.429240
3.430240
3.431240
3.432240
3.433241
3.434241
3.435241
3.436241
3.437241
3.438241
3.439241
3.440241
3.441241
3.442241
3.443242
3.444242
3.445242
3.446242
3.447242
3.448242
3.449242
3.450242
3.451242
3.452242
3.453243
3.454243
3.455243
3.456243
3.457243
3.458243
3.459243
3.460243
3.461243
3.462243
3.463244
3.464244
3.465244
3.466244
3.467244
3.468244
3.469244
3.470244
3.471244
3.472244
3.473245
3.474245
3.475245
3.476245
3.477245
3.478245
3.479245
3.480245
3.481245
3.482245
3.483246
3.484246
3.485246
3.486246
3.487246
3.488246
3.489246
3.490246
3.491246
3.492246
3.493247
3.494247
3.495247
3.496247
3.497247
3.498247
3.499247
3.500247
3.501247
3.502247
3.503248
3.504248
3.505248
3.506248
3.507248
3.508248
3.509248
3.510248
3.511248
3.512248
3.513249
3.514249
3.515249
3.516249
3.517249
3.518249
3.519249
3.520249
3.521249
3.522249
3.523250
3.523756
3.523756
3.524756
3.525756
3.526756
3.527756
3.528756
3.529756
3.530756
3.531756
3.532757
3.533757
3.534757
3.535757
3.536757
3.537757
3.538757
3.539757
3.540757
3.541757
3.542758
3.543758
3.544758
3.545758
3.546758
3.547758
3.548758
3.549758
3.550758
3.551758
3.552759
3.553759
3.554759
3.555759
3.556759
3.557759
3.558759
3.559759
3.560759
3.561759
3.562760
3.563760
3.564760
3.565760
3.566760
3.567760
3.568760
3.569760
3.570760
3.571760
3.572761
3.573761
3.574761
3.575761
3.576761
3.577761
3.578761
3.579761
3.580761
3.581761
3.582762
3.583762
3.584762
3.585762
3.586762
3.587762
3.588762
3.589762
3.590762
3.591762
3.592763
3.593763
3.594763
3.595763
3.596763
3.597763
3.598763
3.599763
3.600763
3.601763
3.602764
3.603764
3.604764
3.605764
3.606764
3.607764
3.608764
3.609764
3.610764
3.611764
3.612765
3.613765
3.614765
3.615765
3.616765
3.617765
3.618765
3.619765
3.620765
3.621765
3.622766
3.623766
3.624766
3.625766
3.626766
3.627766
3.628766
3.629766
3.630766
3.631766
3.632767
3.633767
3.634767
3.635767
3.636767
3.637767
3.638767
3.639767
3.640767
3.641767
3.642768
3.643768
3.644768
3.645768
3.646768
3.647768
3.648768
3.649768
3.650768
3.651768
3.652769
3.653769
3.654769
3.655769
3.656769
3.657769
3.658769
3.659769
3.660769
3.661769
3.662770
3.663770
3.664770
3.665770
3.666770
3.667770
3.668770
3.669770
3.670770
3.671770
3.672771
3.673771
3.673824
3.673824
3.674824
3.675824
3.676824
3.677824
3.678824
3.679824
3.680824
3.681824
3.682825
3.683825
3.684825
3.685825
3.686825
3.687825
3.688825
3.689825
3.690825
3.691825
3.692826
3.693826
3.694826
3.695826
3.696826
3.697826
3.698826
3.699826
3.700826
3.701826
3.702827
3.703827
3.704827
3.705827
3.706827
3.707827
3.708827
3.709827
3.710827
3.711827
3.712828
3.713828
3.714828
3.715828
3.716828
3.717828
3.718828
3.719828
3.720828
3.721828
3.722829
3.723829
3.724829
3.725829
3.726829
3.727829
3.728829
3.729829
3.730829
3.731829
3.732830
3.733830
3.734830
3.735830
3.736830
3.737830
3.738830
3.739830
3.740830
3.741830
3.742831
3.743831
3.744831
3.745831
3.746831
3.747831
3.748831
3.749831
3.750831
3.751831
3.752832
3.753832
3.754832
3.755832
3.756832
3.757832
3.758832
3.759832
3.760832
3.761832
3.762833
3.763833
3.764833
3.765833
3.766833
3.767833
3.768833
3.769833
3.770833
3.771833
3.772834
3.773834
3.774834
3.775834
3.776834
3.777834
3.778834
3.779834
3.780834
3.781834
3.782835
3.783835
3.784835
3.785835
3.786835
3.787835
3.788835
3.789835
3.790835
3.791835
3.792836
3.793836
3.794836
3.795836
3.796836
3.797836
3.798836
3.799836
3.800836
3.801836
3.802837
3.803837
3.804837
3.805837
3.806837
3.806999
3.806999
3.807999
3.808999
3.810000
3.811000
3.812000
3.813000
3.814000
3.815000
3.816000
3.817000
3.818000
3.819000
3.820001
3.821001
3.822001
3.823001
3.824001
3.825001
3.826001
3.827001
3.828001
3.829001
3.830002
3.831002
3.832002
3.833002
3.834002
3.835002
3.836002
3.837002
3.838002
3.839002
3.840003
3.841003
3.842003
3.843003
3.844003
3.845003
3.846003
3.847003
3.848003
3.849003
3.850004
3.851004
3.852004
3.853004
3.854004
3.855004
3.856004
3.857004
3.858004
3.859004
3.860005
3.861005
3.862005
3.863005
3.864005
3.865005
3.866005
3.867005
3.868005
3.869005
3.870006
3.871006
3.872006
3.873006
3.874006
3.875006
3.876006
3.877006
3.878006
3.879006
3.880007
3.881007
3.882007
3.883007
3.884007
3.885007
3.886007
3.887007
3.888007
3.889007
3.890008
3.891008
3.892008
3.893008
3.894008
3.895008
3.896008
3.897008
3.898008
3.899008
3.900009
3.901009
3.902009
3.903009
3.904009
3.905009
3.906009
3.907009
3.908009
3.909009
3.910010
3.911010
3.912010
3.913010
3.914010
3.915010
3.916010
3.917010
3.918010
3.919010
3.920011
3.921011
3.922011
3.923011
3.924011
3.925011
3.926011
3.927011
3.928011
3.929011
3.930012
3.931012
3.932012
3.933012
3.934012
3.935012
3.936012
3.937012
3.938012
3.939012
3.940013
3.941013
3.942013
3.943013
3.944013
3.945013
3.946013
3.947013
3.948013
3.949013
3.950014
3.951014
3.952014
3.953014
3.954014
3.955014
3.955574
3.955574
3.956574
3.957574
3.958574
3.959574
3.960574
3.961574
3.962574
3.963575
3.964575
3.965575
3.966575
3.967575
3.968575
3.969575
3.970575
3.971575
3.972575
3.973576
3.974576
3.975576
3.976576
3.977576
3.978576
3.979576
3.980576
3.981576
3.982576
3.983577
3.984577
3.985577
3.986577
3.987577
3.988577
3.989577
3.990577
3.991577
3.992577
3.993578
3.994578
3.995578
3.996578
3.997578
3.998578
3.999578
4.000578
4.001578
4.002578
4.003579
4.004579
4.005579
4.006579
4.007579
4.008579
4.009579
4.010579
4.011579
4.012579
4.013580
4.014580
4.015580
4.016580
4.017580
4.018580
4.019580
4.020580
4.021580
4.022580
4.023581
4.024581
4.025581
4.026581
4.027581
4.028581
4.029581
4.030581
4.031581
4.032581
4.033582
4.034582
4.035582
4.036582
4.037582
4.038582
4.039582
4.040582
4.041582
4.042582
4.043583
4.044583
4.045583
4.046583
4.047583
4.048583
4.049583
4.050583
4.051583
4.052583
4.053584
4.054584
4.055584
4.056584
4.057584
4.058584
4.059584
4.060584
4.061584
4.062584
4.063585
4.064585
4.065585
4.066585
4.067585
4.068585
4.069585
4.070585
4.071585
4.072585
4.073586
4.074586
4.075586
4.076586
4.077586
4.078586
4.079586
4.080586
4.081586
4.082586
4.083587
4.084587
4.085587
4.086587
4.087587
4.088587
4.089587
4.090155
4.090155
4.091155
4.092155
4.093155
4.094155
4.095155
4.096155
4.097156
4.098156
4.099156
4.100156
4.101156
4.102156
4.103156
4.104156
4.105156
4.106156
4.107157
4.108157
4.109157
4.110157
4.111157
4.112157
4.113157
4.114157
4.115157
4.116157
4.117158
4.118158
4.119158
4.120158
4.121158
4.122158
4.123158
4.124158
4.125158
4.126158
4.127159
4.128159
4.129159
4.130159
4.131159
4.132159
4.133159
4.134159
4.135159
4.136159
4.137160
4.138160
4.139160
4.140160
4.141160
4.142160
4.143160
4.144160
4.145160
4.146160
4.147161
4.148161
4.149161
4.150161
4.151161
4.152161
4.153161
4.154161
4.155161
4.156161
4.157162
4.158162
4.159162
4.160162
4.161162
4.162162
4.163162
4.164162
4.165162
4.166162
4.167163
4.168163
4.169163
4.170163
4.171163
4.172163
4.173163
4.174163
4.175163
4.176163
4.177164
4.178164
4.179164
4.180164
4.181164
4.182164
4.183164
4.184164
4.185164
4.186164
4.187165
4.188165
4.189165
4.190165
4.191165
4.192165
4.193165
4.194165
4.195165
4.196165
4.197166
4.198166
4.199166
4.200166
4.201166
4.202166
4.203166
4.204166
4.205166
4.206166
4.207167
4.208167
4.209167
4.210167
4.211167
4.212167
4.213167
4.214167
4.215167
4.216167
4.217168
4.218168
4.219168
4.220168
4.221168
4.222168
4.223168
4.224168
4.225168
4.226168
4.227169
4.228169
4.229169
4.230169
4.231169
4.232169
4.233169
4.234169
4.235169
4.236169
4.237088
4.237088
4.238088
4.239088
4.240088
4.241088
4.242088
4.243088
4.244088
4.245088
4.246089
4.247089
4.248089
4.249089
4.250089
4.251089
4.252089
4.253089
4.254089
4.255089
4.256090
4.257090
4.258090
4.259090
4.260090
4.261090
4.262090
4.263090
4.264090
4.265090
4.266091
4.267091
4.268091
4.269091
4.270091
4.271091
4.272091
4.273091
4.274091
4.275091
4.276092
4.277092
4.278092
4.279092
4.280092
4.281092
4.282092
4.283092
4.284092
4.285092
4.286093
4.287093
4.288093
4.289093
4.290093
4.291093
4.292093
4.293093
4.294093
4.295093
4.296094
4.297094
4.298094
4.299094
4.300094
4.301094
4.302094
4.303094
4.304094
4.305094
4.306095
4.307095
4.308095
4.309095
4.310095
4.311095
4.312095
4.313095
4.314095
4.315095
4.316096
4.317096
4.318096
4.319096
4.320096
4.321096
4.322096
4.323096
4.324096
4.325096
4.326097
4.327097
4.328097
4.329097
4.330097
4.331097
4.332097
4.333097
4.334097
4.335097
4.336098
4.337098
4.338098
4.339098
4.340098
4.341098
4.342098
4.343098
4.344098
4.345098
4.346099
4.347099
4.348099
4.349099
4.350099
4.351099
4.352099
4.353099
4.354099
4.355099
4.356100
4.357100
4.358100
4.359100
4.360100
4.361100
4.362100
4.363100
4.364100
4.365100
4.366101
4.367101
4.368101
4.369101
4.370101
4.371101
4.372101
4.372783
4.372783
4.373784
4.374784
4.375784
4.376784
4.377784
4.378784
4.379784
4.380784
4.381784
4.382784
4.383785
4.384785
4.385785
4.386785
4.387785
4.388785
4.389785
4.390785
4.391785
4.392785
4.393786
4.394786
4.395786
4.396786
4.397786
4.398786
4.399786
4.400786
4.401786
4.402786
4.403787
4.404787
4.405787
4.406787
4.407787
4.408787
4.409787
4.410787
4.411787
4.412787
4.413788
4.414788
4.415788
4.416788
4.417788
4.418788
4.419788
4.420788
4.421788
4.422788
4.423789
4.424789
4.425789
4.426789
4.427789
4.428789
4.429789
4.430789
4.431789
4.432789
4.433790
4.434790
4.435790
4.436790
4.437790
4.438790
4.439790
4.440790
4.441790
4.442790
4.443791
4.444791
4.445791
4.446791
4.447791
4.448791
4.449791
4.450791
4.451791
4.452791
4.453792
4.454792
4.455792
4.456792
4.457792
4.458792
4.459792
4.460792
4.461792
4.462792
4.463793
4.464793
4.465793
4.466793
4.467793
4.468793
4.469793
4.470793
4.471793
4.472793
4.473794
4.474794
4.475794
4.476794
4.477794
4.478794
4.479794
4.480794
4.481794
4.482794
4.483795
4.484795
4.485795
4.486795
4.487795
4.488795
4.489795
4.490795
4.491795
4.492795
4.493796
4.494796
4.495796
4.496796
4.497796
4.498796
4.499796
4.500796
4.501796
4.502796
4.503797
4.504797
4.505797
4.506797
4.507797
4.508797
4.509797
4.510797
4.511797
4.512797
4.513798
4.514798
4.515798
4.516798
4.517798
4.518130
4.518130
4.519130
4.520130
4.521130
4.522130
4.523131
4.524131
4.525131
4.526131
4.527131
4.528131
4.529131
4.530131
4.531131
4.532131
4.533132
4.534132
4.535132
4.536132
4.537132
4.538132
4.539132
4.540132
4.541132
4.542132
4.543133
4.544133
4.545133
4.546133
4.547133
4.548133
4.549133
4.550133
4.551133
4.552133
4.553134
4.554134
4.555134
4.556134
4.557134
4.558134
4.559134
4.560134
4.561134
4.562134
4.563135
4.564135
4.565135
4.566135
4.567135
4.568135
4.569135
4.570135
4.571135
4.572135
4.573136
4.574136
4.575136
4.576136
4.577136
4.578136
4.579136
4.580136
4.581136
4.582136
4.583137
4.584137
4.585137
4.586137
4.587137
4.588137
4.589137
4.590137
4.591137
4.592137
4.593138
4.594138
4.595138
4.596138
4.597138
4.598138
4.599138
4.600138
4.601138
4.602138
4.603139
4.604139
4.605139
4.606139
4.607139
4.608139
4.609139
4.610139
4.611139
4.612139
4.613140
4.614140
4.615140
4.616140
4.617140
4.618140
4.619140
4.620140
4.621140
4.622140
4.623141
4.624141
4.625141
4.626141
4.627141
4.628141
4.629141
4.630141
4.631141
4.632141
4.633142
4.634142
4.635142
4.636142
4.637142
4.638142
4.639142
4.640142
4.641142
4.642142
4.643143
4.644143
4.645143
4.646143
4.647143
4.648143
4.649143
4.650143
4.651143
4.652143
4.653144
4.654144
4.654650
4.654650
4.655650
4.656650
4.657650
4.658650
4.659650
4.660651
4.661651
4.662651
4.663651
4.664651
4.665651
4.666651
4.667651
4.668651
4.669651
4.670652
4.671652
4.672652
4.673652
4.674652
4.675652
4.676652
4.677652
4.678652
4.679652
4.680653
4.681653
4.682653
4.683653
4.684653
4.685653
4.686653
4.687653
4.688653
4.689653
4.690654
4.691654
4.692654
4.693654
4.694654
4.695654
4.696654
4.697654
4.698654
4.699654
4.700655
4.701655
4.702655
4.703655
4.704655
4.705655
4.706655
4.707655
4.708655
4.709655
4.710656
4.711656
4.712656
4.713656
4.714656
4.715656
4.716656
4.717656
4.718656
4.719656
4.720657
4.721657
4.722657
4.723657
4.724657
4.725657
4.726657
4.727657
4.728657
4.729657
4.730658
4.731658
4.732658
4.733658
4.734658
4.735658
4.736658
4.737658
4.738658
4.739658
4.740659
4.741659
4.742659
4.743659
4.744659
4.745659
4.746659
4.747659
4.748659
4.749659
4.750660
4.751660
4.752660
4.753660
4.754660
4.755660
4.756660
4.757660
4.758660
4.759660
4.760661
4.761661
4.762661
4.763661
4.764661
4.765661
4.766661
4.767661
4.768661
4.769661
4.770662
4.771662
4.772662
4.773662
4.774662
4.775662
4.776662
4.777662
4.778662
4.779662
4.780663
4.781663
4.782663
4.783663
4.784663
4.785663
4.786663
4.787663
4.788663
4.789663
4.790664
4.791664
4.792664
4.793664
4.794664
4.795664
4.796664
4.797664
4.798647
4.798647
4.799647
4.800647
4.801647
4.802647
4.803647
4.804647
4.805648
4.806648
4.807648
4.808648
4.809648
4.810648
4.811648
4.812648
4.813648
4.814648
4.815649
4.816649
4.817649
4.818649
4.819649
4.820649
4.821649
4.822649
4.823649
4.824649
4.825650
4.826650
4.827650
4.828650
4.829650
4.830650
4.831650
4.832650
4.833650
4.834650
4.835651
4.836651
4.837651
4.838651
4.839651
4.840651
4.841651
4.842651
4.843651
4.844651
4.845652
4.846652
4.847652
4.848652
4.849652
4.850652
4.851652
4.852652
4.853652
4.854652
4.855653
4.856653
4.857653
4.858653
4.859653
4.860653
4.861653
4.862653
4.863653
4.864653
4.865654
4.866654
4.867654
4.868654
4.869654
4.870654
4.871654
4.872654
4.873654
4.874654
4.875655
4.876655
4.877655
4.878655
4.879655
4.880655
4.881655
4.882655
4.883655
4.884655
4.885656
4.886656
4.887656
4.888656
4.889656
4.890656
4.891656
4.892656
4.893656
4.894656
4.895657
4.896657
4.897657
4.898657
4.899657
4.900657
4.901657
4.902657
4.903657
4.904657
4.905658
4.906658
4.907658
4.908658
4.909658
4.910658
4.911658
4.912658
4.913658
4.914658
4.915659
4.916659
4.917659
4.918659
4.919659
4.920659
4.921659
4.922659
4.923659
4.924659
4.925660
4.926660
4.927660
4.928660
4.929660
4.930660
4.931660
4.932660
4.933660
4.934660
4.935661
4.935742
4.935742
4.936743
4.937743
4.938743
4.939743
4.940743
4.941743
4.942743
4.943743
4.944743
4.945743
4.946744
4.947744
4.948744
4.949744
4.950744
4.951744
4.952744
4.953744
4.954744
4.955744
4.956745
4.957745
4.958745
4.959745
4.960745
4.961745
4.962745
4.963745
4.964745
4.965745
4.966746
4.967746
4.968746
4.969746
4.970746
4.971746
4.972746
4.973746
4.974746
4.975746
4.976747
4.977747
4.978747
4.979747
4.980747
4.981747
4.982747
4.983747
4.984747
4.985747
4.986748
4.987748
4.988748
4.989748
4.990748
4.991748
4.992748
4.993748
4.994748
4.995748
4.996749
4.997749
4.998749
4.999749
5.000749
5.001749
5.002749
5.003749
5.004749
5.005749
5.006750
5.007750
5.008750
5.009750
5.010750
5.011750
5.012750
5.013750
5.014750
5.015750
5.016751
5.017751
5.018751
5.019751
5.020751
5.021751
5.022751
5.023751
5.024751
5.025751
5.026752
5.027752
5.028752
5.029752
5.030752
5.031752
5.032752
5.033752
5.034752
5.035752
5.036753
5.037753
5.038753
5.039753
5.040753
5.041753
5.042753
5.043753
5.044753
5.045753
5.046754
5.047754
5.048754
5.049754
5.050754
5.051754
5.052754
5.053754
5.054754
5.055754
5.056755
5.057755
5.058755
5.059755
5.060755
5.061755
5.062755
5.063755
5.064755
5.065755
5.066756
5.067756
5.068756
5.069756
5.070756
5.071756
5.072756
5.073756
5.074756
5.075756
5.076757
5.077757
5.078697
5.078697
5.079697
5.080697
5.081697
5.082698
5.083698
5.084698
5.085698
5.086698
5.087698
5.088698
5.089698
5.090698
5.091698
5.092699
5.093699
5.094699
5.095699
5.096699
5.097699
5.098699
5.099699
5.100699
5.101699
5.102700
5.103700
5.104700
5.105700
5.106700
5.107700
5.108700
5.109700
5.110700
5.111700
5.112701
5.113701
5.114701
5.115701
5.116701
5.117701
5.118701
5.119701
5.120701
5.121701
5.122702
5.123702
5.124702
5.125702
5.126702
5.127702
5.128702
5.129702
5.130702
5.131702
5.132703
5.133703
5.134703
5.135703
5.136703
5.137703
5.138703
5.139703
5.140703
5.141703
5.142704
5.143704
5.144704
5.145704
5.146704
5.147704
5.148704
5.149704
5.150704
5.151704
5.152705
5.153705
5.154705
5.155705
5.156705
5.157705
5.158705
5.159705
5.160705
5.161705
5.162706
5.163706
5.164706
5.165706
5.166706
5.167706
5.168706
5.169706
5.170706
5.171706
5.172707
5.173707
5.174707
5.175707
5.176707
5.177707
5.178707
5.179707
5.180707
5.181707
5.182708
5.183708
5.184708
5.185708
5.186708
5.187708
5.188708
5.189708
5.190708
5.191708
5.192709
5.193709
5.194709
5.195709
5.196709
5.197709
5.198709
5.199709
5.200709
5.201709
5.202710
5.203710
5.204710
5.205710
5.206710
5.207710
5.208710
5.209710
5.210710
5.211710
5.212711
5.213711
5.214711
5.215711
5.216179
5.216179
5.217179
5.218179
5.219179
5.220179
5.221179
5.222179
5.223180
5.224180
5.225180
5.226180
5.227180
5.228180
5.229180
5.230180
5.231180
5.232180
5.233181
5.234181
5.235181
5.236181
5.237181
5.238181
5.239181
5.240181
5.241181
5.242181
5.243182
5.244182
5.245182
5.246182
5.247182
5.248182
5.249182
5.250182
5.251182
5.252182
5.253183
5.254183
5.255183
5.256183
5.257183
5.258183
5.259183
5.260183
5.261183
5.262183
5.263184
5.264184
5.265184
5.266184
5.267184
5.268184
5.269184
5.270184
5.271184
5.272184
5.273185
5.274185
5.275185
5.276185
5.277185
5.278185
5.279185
5.280185
5.281185
5.282185
5.283186
5.284186
5.285186
5.286186
5.287186
5.288186
5.289186
5.290186
5.291186
5.292186
5.293187
5.294187
5.295187
5.296187
5.297187
5.298187
5.299187
5.300187
5.301187
5.302187
5.303188
5.304188
5.305188
5.306188
5.307188
5.308188
5.309188
5.310188
5.311188
5.312188
5.313189
5.314189
5.315189
5.316189
5.317189
5.318189
5.319189
5.320189
5.321189
5.322189
5.323190
5.324190
5.325190
5.326190
5.327190
5.328190
5.329190
5.330190
5.331190
5.332190
5.333191
5.334191
5.335191
5.336191
5.337191
5.338191
5.339191
5.340191
5.341191
5.342191
5.343192
5.344192
5.345192
5.346192
5.347192
5.348192
5.349192
5.350192
5.351192
5.352192
5.353193
5.354193
5.355193
5.356193
5.357193
5.358193
5.358396
5.358396
5.359397
5.360397
5.361397
5.362397
5.363397
5.364397
5.365397
5.366397
5.367397
5.368397
5.369398
5.370398
5.371398
5.372398
5.373398
5.374398
5.375398
5.376398
5.377398
5.378398
5.379399
5.380399
5.381399
5.382399
5.383399
5.384399
5.385399
5.386399
5.387399
5.388399
5.389400
5.390400
5.391400
5.392400
5.393400
5.394400
5.395400
5.396400
5.397400
5.398400
5.399401
5.400401
5.401401
5.402401
5.403401
5.404401
5.405401
5.406401
5.407401
5.408401
5.409402
5.410402
5.411402
5.412402
5.413402
5.414402
5.415402
5.416402
5.417402
5.418402
5.419403
5.420403
5.421403
5.422403
5.423403
5.424403
5.425403
5.426403
5.427403
5.428403
5.429404
5.430404
5.431404
5.432404
5.433404
5.434404
5.435404
5.436404
5.437404
5.438404
5.439405
5.440405
5.441405
5.442405
5.443405
5.444405
5.445405
5.446405
5.447405
5.448405
5.449406
5.450406
5.451406
5.452406
5.453406
5.454406
5.455406
5.456406
5.457406
5.458406
5.459407
5.460407
5.461407
5.462407
5.463407
5.464407
5.465407
5.466407
5.467407
5.468407
5.469408
5.470408
5.471408
5.472408
5.473408
5.474408
5.475408
5.476408
5.477408
5.478408
5.479409
5.480409
5.481409
5.482409
5.483409
5.484409
5.485409
5.486409
5.487409
5.488409
5.489410
5.490410
5.491410
5.492410
5.493410
5.494410
5.495410
5.496138
5.496138
5.497138
5.498139
5.499139
5.500139
5.501139
5.502139
5.503139
5.504139
5.505139
5.506139
5.507139
5.508140
5.509140
5.510140
5.511140
5.512140
5.513140
5.514140
5.515140
5.516140
5.517140
5.518141
5.519141
5.520141
5.521141
5.522141
5.523141
5.524141
5.525141
5.526141
5.527141
5.528142
5.529142
5.530142
5.531142
5.532142
5.533142
5.534142
5.535142
5.536142
5.537142
5.538143
5.539143
5.540143
5.541143
5.542143
5.543143
5.544143
5.545143
5.546143
5.547143
5.548144
5.549144
5.550144
5.551144
5.552144
5.553144
5.554144
5.555144
5.556144
5.557144
5.558145
5.559145
5.560145
5.561145
5.562145
5.563145
5.564145
5.565145
5.566145
5.567145
5.568146
5.569146
5.570146
5.571146
5.572146
5.573146
5.574146
5.575146
5.576146
5.577146
5.578147
5.579147
5.580147
5.581147
5.582147
5.583147
5.584147
5.585147
5.586147
5.587147
5.588148
5.589148
5.590148
5.591148
5.592148
5.593148
5.594148
5.595148
5.596148
5.597148
5.598149
5.599149
5.600149
5.601149
5.602149
5.603149
5.604149
5.605149
5.606149
5.607149
5.608150
5.609150
5.610150
5.611150
5.612150
5.613150
5.614150
5.615150
5.616150
5.617150
5.618151
5.619151
5.620151
5.621151
5.622151
5.623151
5.624151
5.625151
5.626151
5.627151
5.628152
5.629152
5.630152
5.631152
5.632152
5.633152
5.634152
5.635152
5.636152
5.637152
5.637877
5.637877
5.638877
5.639877
5.640877
5.641877
5.642877
5.643877
5.644877
5.645877
5.646878
5.647878
5.648878
5.649878
5.650878
5.651878
5.652878
5.653878
5.654878
5.655878
5.656879
5.657879
5.658879
5.659879
5.660879
5.661879
5.662879
5.663879
5.664879
5.665879
5.666880
5.667880
5.668880
5.669880
5.670880
5.671880
5.672880
5.673880
5.674880
5.675880
5.676881
5.677881
5.678881
5.679881
5.680881
5.681881
5.682881
5.683881
5.684881
5.685881
5.686882
5.687882
5.688882
5.689882
5.690882
5.691882
5.692882
5.693882
5.694882
5.695882
5.696883
5.697883
5.698883
5.699883
5.700883
5.701883
5.702883
5.703883
5.704883
5.705883
5.706884
5.707884
5.708884
5.709884
5.710884
5.711884
5.712884
5.713884
5.714884
5.715884
5.716885
5.717885
5.718885
5.719885
5.720885
5.721885
5.722885
5.723885
5.724885
5.725885
5.726886
5.727886
5.728886
5.729886
5.730886
5.731886
5.732886
5.733886
5.734886
5.735886
5.736887
5.737887
5.738887
5.739887
5.740887
5.741887
5.742887
5.743887
5.744887
5.745887
5.746888
5.747888
5.748888
5.749888
5.750888
5.751888
5.752888
5.753888
5.754888
5.755888
5.756889
5.757889
5.758889
5.759889
5.760889
5.761889
5.762889
5.763889
5.764889
5.765889
5.766890
5.767890
5.768890
5.769890
5.770890
5.771890
5.772890
5.773890
5.774890
5.775804
5.775804
5.776804
5.777804
5.778804
5.779804
5.780804
5.781804
5.782804
5.783805
5.784805
5.785805
5.786805
5.787805
5.788805
5.789805
5.790805
5.791805
5.792805
5.793806
5.794806
5.795806
5.796806
5.797806
5.798806
5.799806
5.800806
5.801806
5.802806
5.803807
5.804807
5.805807
5.806807
5.807807
5.808807
5.809807
5.810807
5.811807
5.812807
5.813808
5.814808
5.815808
5.816808
5.817808
5.818808
5.819808
5.820808
5.821808
5.822808
5.823809
5.824809
5.825809
5.826809
5.827809
5.828809
5.829809
5.830809
5.831809
5.832809
5.833810
5.834810
5.835810
5.836810
5.837810
5.838810
5.839810
5.840810
5.841810
5.842810
5.843811
5.844811
5.845811
5.846811
5.847811
5.848811
5.849811
5.850811
5.851811
5.852811
5.853812
5.854812
5.855812
5.856812
5.857812
5.858812
5.859812
5.860812
5.861812
5.862812
5.863813
5.864813
5.865813
5.866813
5.867813
5.868813
5.869813
5.870813
5.871813
5.872813
5.873814
5.874814
5.875814
5.876814
5.877814
5.878814
5.879814
5.880814
5.881814
5.882814
5.883815
5.884815
5.885815
5.886815
5.887815
5.888815
5.889815
5.890815
5.891815
5.892815
5.893816
5.894816
5.895816
5.896816
5.897816
5.898816
5.899816
5.900816
5.901816
5.902816
5.903817
5.904817
5.905817
5.906817
5.907817
5.908817
5.909817
5.910817
5.911817
5.912817
5.913818
5.914818
5.915818
5.916818
5.917264
5.917264
5.918264
5.919264
5.920265
5.921265
5.922265
5.923265
5.924265
5.925265
5.926265
5.927265
5.928265
5.929265
5.930266
5.931266
5.932266
5.933266
5.934266
5.935266
5.936266
5.937266
5.938266
5.939266
5.940267
5.941267
5.942267
5.943267
5.944267
5.945267
5.946267
5.947267
5.948267
5.949267
5.950268
5.951268
5.952268
5.953268
5.954268
5.955268
5.956268
5.957268
5.958268
5.959268
5.960269
5.961269
5.962269
5.963269
5.964269
5.965269
5.966269
5.967269
5.968269
5.969269
5.970270
5.971270
5.972270
5.973270
5.974270
5.975270
5.976270
5.977270
5.978270
5.979270
5.980271
5.981271
5.982271
5.983271
5.984271
5.985271
5.986271
5.987271
5.988271
5.989271
5.990272
5.991272
5.992272
5.993272
5.994272
5.995272
5.996272
5.997272
5.998272
5.999272
6.000273
6.001273
6.002273
6.003273
6.004273
6.005273
6.006273
6.007273
6.008273
6.009273
6.010274
6.011274
6.012274
6.013274
6.014274
6.015274
6.016274
6.017274
6.018274
6.019274
6.020275
6.021275
6.022275
6.023275
6.024275
6.025275
6.026275
6.027275
6.028275
6.029275
6.030276
6.031276
6.032276
6.033276
6.034276
6.035276
6.036276
6.037276
6.038276
6.039276
6.040277
6.041277
6.042277
6.043277
6.044277
6.045277
6.046277
6.047277
6.048277
6.049277
6.050278
6.051278
6.052278
6.053278
6.054278
6.055278
6.055343
6.055343
6.056343
6.057343
6.058343
6.059343
6.060343
6.061343
6.062344
6.063344
6.064344
6.065344
6.066344
6.067344
6.068344
6.069344
6.070344
6.071344
6.072345
6.073345
6.074345
6.075345
6.076345
6.077345
6.078345
6.079345
6.080345
6.081345
6.082346
6.083346
6.084346
6.085346
6.086346
6.087346
6.088346
6.089346
6.090346
6.091346
6.092347
6.093347
6.094347
6.095347
6.096347
6.097347
6.098347
6.099347
6.100347
6.101347
6.102348
6.103348
6.104348
6.105348
6.106348
6.107348
6.108348
6.109348
6.110348
6.111348
6.112349
6.113349
6.114349
6.115349
6.116349
6.117349
6.118349
6.119349
6.120349
6.121349
6.122350
6.123350
6.124350
6.125350
6.126350
6.127350
6.128350
6.129350
6.130350
6.131350
6.132351
6.133351
6.134351
6.135351
6.136351
6.137351
6.138351
6.139351
6.140351
6.141351
6.142352
6.143352
6.144352
6.145352
6.146352
6.147352
6.148352
6.149352
6.150352
6.151352
6.152353
6.153353
6.154353
6.155353
6.156353
6.157353
6.158353
6.159353
6.160353
6.161353
6.162354
6.163354
6.164354
6.165354
6.166354
6.167354
6.168354
6.169354
6.170354
6.171354
6.172355
6.173355
6.174355
6.175355
6.176355
6.177355
6.178355
6.179355
6.180355
6.181355
6.182356
6.183356
6.184356
6.185356
6.186356
6.187356
6.188356
6.189356
6.190356
6.191356
6.192357
6.193357
6.194357
6.195357
6.196357
6.196663
6.196663
6.197663
6.198663
6.199663
6.200663
6.201663
6.202663
6.203663
6.204664
6.205664
6.206664
6.207664
6.208664
6.209664
6.210664
6.211664
6.212664
6.213664
6.214665
6.215665
6.216665
6.217665
6.218665
6.219665
6.220665
6.221665
6.222665
6.223665
6.224666
6.225666
6.226666
6.227666
6.228666
6.229666
6.230666
6.231666
6.232666
6.233666
6.234667
6.235667
6.236667
6.237667
6.238667
6.239667
6.240667
6.241667
6.242667
6.243667
6.244668
6.245668
6.246668
6.247668
6.248668
6.249668
6.250668
6.251668
6.252668
6.253668
6.254669
6.255669
6.256669
6.257669
6.258669
6.259669
6.260669
6.261669
6.262669
6.263669
6.264670
6.265670
6.266670
6.267670
6.268670
6.269670
6.270670
6.271670
6.272670
6.273670
6.274671
6.275671
6.276671
6.277671
6.278671
6.279671
6.280671
6.281671
6.282671
6.283671
6.284672
6.285672
6.286672
6.287672
6.288672
6.289672
6.290672
6.291672
6.292672
6.293672
6.294673
6.295673
6.296673
6.297673
6.298673
6.299673
6.300673
6.301673
6.302673
6.303673
6.304674
6.305674
6.306674
6.307674
6.308674
6.309674
6.310674
6.311674
6.312674
6.313674
6.314675
6.315675
6.316675
6.317675
6.318675
6.319675
6.320675
6.321675
6.322675
6.323675
6.324676
6.325676
6.326676
6.327676
6.328676
6.329676
6.330676
6.331676
6.332676
6.333676
6.334677
6.334885
6.334885
6.335885
6.336885
6.337885
6.338885
6.339885
6.340885
6.341885
6.342886
6.343886
6.344886
6.345886
6.346886
6.347886
6.348886
6.349886
6.350886
6.351886
6.352887
6.353887
6.354887
6.355887
6.356887
6.357887
6.358887
6.359887
6.360887
6.361887
6.362888
6.363888
6.364888
6.365888
6.366888
6.367888
6.368888
6.369888
6.370888
6.371888
6.372889
6.373889
6.374889
6.375889
6.376889
6.377889
6.378889
6.379889
6.380889
6.381889
6.382890
6.383890
6.384890
6.385890
6.386890
6.387890
6.388890
6.389890
6.390890
6.391890
6.392891
6.393891
6.394891
6.395891
6.396891
6.397891
6.398891
6.399891
6.400891
6.401891
6.402892
6.403892
6.404892
6.405892
6.406892
6.407892
6.408892
6.409892
6.410892
6.411892
6.412893
6.413893
6.414893
6.415893
6.416893
6.417893
6.418893
6.419893
6.420893
6.421893
6.422894
6.423894
6.424894
6.425894
6.426894
6.427894
6.428894
6.429894
6.430894
6.431894
6.432895
6.433895
6.434895
6.435895
6.436895
6.437895
6.438895
6.439895
6.440895
6.441895
6.442896
6.443896
6.444896
6.445896
6.446896
6.447896
6.448896
6.449896
6.450896
6.451896
6.452897
6.453897
6.454897
6.455897
6.456897
6.457897
6.458897
6.459897
6.460897
6.461897
6.462898
6.463898
6.464898
6.465898
6.466898
6.467898
6.468898
6.469898
6.470898
6.471898
6.472899
6.473899
6.474899
6.475899
6.476144
6.476144
6.477144
6.478144
6.479144
6.480144
6.481144
6.482145
6.483145
6.484145
6.485145
6.486145
6.487145
6.488145
6.489145
6.490145
6.491145
6.492146
6.493146
6.494146
6.495146
6.496146
6.497146
6.498146
6.499146
6.500146
6.501146
6.502147
6.503147
6.504147
6.505147
6.506147
6.507147
6.508147
6.509147
6.510147
6.511147
6.512148
6.513148
6.514148
6.515148
6.516148
6.517148
6.518148
6.519148
6.520148
6.521148
6.522149
6.523149
6.524149
6.525149
6.526149
6.527149
6.528149
6.529149
6.530149
6.531149
6.532150
6.533150
6.534150
6.535150
6.536150
6.537150
6.538150
6.539150
6.540150
6.541150
6.542151
6.543151
6.544151
6.545151
6.546151
6.547151
6.548151
6.549151
6.550151
6.551151
6.552152
6.553152
6.554152
6.555152
6.556152
6.557152
6.558152
6.559152
6.560152
6.561152
6.562153
6.563153
6.564153
6.565153
6.566153
6.567153
6.568153
6.569153
6.570153
6.571153
6.572154
6.573154
6.574154
6.575154
6.576154
6.577154
6.578154
6.579154
6.580154
6.581154
6.582155
6.583155
6.584155
6.585155
6.586155
6.587155
6.588155
6.589155
6.590155
6.591155
6.592156
6.593156
6.594156
6.595156
6.596156
6.597156
6.598156
6.599156
6.600156
6.601156
6.602157
6.603157
6.604157
6.605157
6.606157
6.607157
6.608157
6.609157
6.610157
6.611157
6.612158
6.613158
6.614158
6.614515
6.614515
6.615515
6.616515
6.617515
6.618515
6.619515
6.620515
6.621515
6.622516
6.623516
6.624516
6.625516
6.626516
6.627516
6.628516
6.629516
6.630516
6.631516
6.632517
6.633517
6.634517
6.635517
6.636517
6.637517
6.638517
6.639517
6.640517
6.641517
6.642518
6.643518
6.644518
6.645518
6.646518
6.647518
6.648518
6.649518
6.650518
6.651518
6.652519
6.653519
6.654519
6.655519
6.656519
6.657519
6.658519
6.659519
6.660519
6.661519
6.662520
6.663520
6.664520
6.665520
6.666520
6.667520
6.668520
6.669520
6.670520
6.671520
6.672521
6.673521
6.674521
6.675521
6.676521
6.677521
6.678521
6.679521
6.680521
6.681521
6.682522
6.683522
6.684522
6.685522
6.686522
6.687522
6.688522
6.689522
6.690522
6.691522
6.692523
6.693523
6.694523
6.695523
6.696523
6.697523
6.698523
6.699523
6.700523
6.701523
6.702524
6.703524
6.704524
6.705524
6.706524
6.707524
6.708524
6.709524
6.710524
6.711524
6.712525
6.713525
6.714525
6.715525
6.716525
6.717525
6.718525
6.719525
6.720525
6.721525
6.722526
6.723526
6.724526
6.725526
6.726526
6.727526
6.728526
6.729526
6.730526
6.731526
6.732527
6.733527
6.734527
6.735527
6.736527
6.737527
6.738527
6.739527
6.740527
6.741527
6.742528
6.743528
6.744528
6.745528
6.746528
6.747528
6.748528
6.749528
6.750528
6.751528
6.752529
6.753529
6.754529
6.755529
6.755750
6.755750
6.756750
6.757750
6.758750
6.759750
6.760750
6.761750
6.762750
6.763751
6.764751
6.765751
6.766751
6.767751
6.768751
6.769751
6.770751
6.771751
6.772751
6.773752
6.774752
6.775752
6.776752
6.777752
6.778752
6.779752
6.780752
6.781752
6.782752
6.783753
6.784753
6.785753
6.786753
6.787753
6.788753
6.789753
6.790753
6.791753
6.792753
6.793754
6.794754
6.795754
6.796754
6.797754
6.798754
6.799754
6.800754
6.801754
6.802754
6.803755
6.804755
6.805755
6.806755
6.807755
6.808755
6.809755
6.810755
6.811755
6.812755
6.813756
6.814756
6.815756
6.816756
6.817756
6.818756
6.819756
6.820756
6.821756
6.822756
6.823757
6.824757
6.825757
6.826757
6.827757
6.828757
6.829757
6.830757
6.831757
6.832757
6.833758
6.834758
6.835758
6.836758
6.837758
6.838758
6.839758
6.840758
6.841758
6.842758
6.843759
6.844759
6.845759
6.846759
6.847759
6.848759
6.849759
6.850759
6.851759
6.852759
6.853760
6.854760
6.855760
6.856760
6.857760
6.858760
6.859760
6.860760
6.861760
6.862760
6.863761
6.864761
6.865761
6.866761
6.867761
6.868761
6.869761
6.870761
6.871761
6.872761
6.873762
6.874762
6.875762
6.876762
6.877762
6.878762
6.879762
6.880762
6.881762
6.882762
6.883763
6.884763
6.885763
6.886763
6.887763
6.888763
6.889763
6.890763
6.891763
6.892763
6.893764
6.894279
6.894279
6.895279
6.896279
6.897279
6.898280
6.899280
6.900280
6.901280
6.902280
6.903280
6.904280
6.905280
6.906280
6.907280
6.908281
6.909281
6.910281
6.911281
6.912281
6.913281
6.914281
6.915281
6.916281
6.917281
6.918282
6.919282
6.920282
6.921282
6.922282
6.923282
6.924282
6.925282
6.926282
6.927282
6.928283
6.929283
6.930283
6.931283
6.932283
6.933283
6.934283
6.935283
6.936283
6.937283
6.938284
6.939284
6.940284
6.941284
6.942284
6.943284
6.944284
6.945284
6.946284
6.947284
6.948285
6.949285
6.950285
6.951285
6.952285
6.953285
6.954285
6.955285
6.956285
6.957285
6.958286
6.959286
6.960286
6.961286
6.962286
6.963286
6.964286
6.965286
6.966286
6.967286
6.968287
6.969287
6.970287
6.971287
6.972287
6.973287
6.974287
6.975287
6.976287
6.977287
6.978288
6.979288
6.980288
6.981288
6.982288
6.983288
6.984288
6.985288
6.986288
6.987288
6.988289
6.989289
6.990289
6.991289
6.992289
6.993289
6.994289
6.995289
6.996289
6.997289
6.998290
6.999290
7.000290
7.001290
7.002290
7.003290
7.004290
7.005290
7.006290
7.007290
7.008291
7.009291
7.010291
7.011291
7.012291
7.013291
7.014291
7.015291
7.016291
7.017291
7.018292
7.019292
7.020292
7.021292
7.022292
7.023292
7.024292
7.025292
7.026292
7.027292
7.028293
7.029293
7.030293
7.031293
7.032293
7.033293
7.034293
7.035293
7.035496
7.035496
7.036496
7.037496
7.038496
7.039496
7.040496
7.041496
7.042497
7.043497
7.044497
7.045497
7.046497
7.047497
7.048497
7.049497
7.050497
7.051497
7.052498
7.053498
7.054498
7.055498
7.056498
7.057498
7.058498
7.059498
7.060498
7.061498
7.062499
7.063499
7.064499
7.065499
7.066499
7.067499
7.068499
7.069499
7.070499
7.071499
7.072500
7.073500
7.074500
7.075500
7.076500
7.077500
7.078500
7.079500
7.080500
7.081500
7.082501
7.083501
7.084501
7.085501
7.086501
7.087501
7.088501
7.089501
7.090501
7.091501
7.092502
7.093502
7.094502
7.095502
7.096502
7.097502
7.098502
7.099502
7.100502
7.101502
7.102503
7.103503
7.104503
7.105503
7.106503
7.107503
7.108503
7.109503
7.110503
7.111503
7.112504
7.113504
7.114504
7.115504
7.116504
7.117504
7.118504
7.119504
7.120504
7.121504
7.122505
7.123505
7.124505
7.125505
7.126505
7.127505
7.128505
7.129505
7.130505
7.131505
7.132506
7.133506
7.134506
7.135506
7.136506
7.137506
7.138506
7.139506
7.140506
7.141506
7.142507
7.143507
7.144507
7.145507
7.146507
7.147507
7.148507
7.149507
7.150507
7.151507
7.152508
7.153508
7.154508
7.155508
7.156508
7.157508
7.158508
7.159508
7.160508
7.161508
7.162509
7.163509
7.164509
7.165509
7.166509
7.167509
7.168509
7.169509
7.170509
7.171509
7.172510
7.173510
7.174192
7.174192
7.175192
7.176192
7.177192
7.178192
7.179192
7.180192
7.181193
7.182193
7.183193
7.184193
7.185193
7.186193
7.187193
7.188193
7.189193
7.190193
7.191194
7.192194
7.193194
7.194194
7.195194
7.196194
7.197194
7.198194
7.199194
7.200194
7.201195
7.202195
7.203195
7.204195
7.205195
7.206195
7.207195
7.208195
7.209195
7.210195
7.211196
7.212196
7.213196
7.214196
7.215196
7.216196
7.217196
7.218196
7.219196
7.220196
7.221197
7.222197
7.223197
7.224197
7.225197
7.226197
7.227197
7.228197
7.229197
7.230197
7.231198
7.232198
7.233198
7.234198
7.235198
7.236198
7.237198
7.238198
7.239198
7.240198
7.241199
7.242199
7.243199
7.244199
7.245199
7.246199
7.247199
7.248199
7.249199
7.250199
7.251200
7.252200
7.253200
7.254200
7.255200
7.256200
7.257200
7.258200
7.259200
7.260200
7.261201
7.262201
7.263201
7.264201
7.265201
7.266201
7.267201
7.268201
7.269201
7.270201
7.271202
7.272202
7.273202
7.274202
7.275202
7.276202
7.277202
7.278202
7.279202
7.280202
7.281203
7.282203
7.283203
7.284203
7.285203
7.286203
7.287203
7.288203
7.289203
7.290203
7.291204
7.292204
7.293204
7.294204
7.295204
7.296204
7.297204
7.298204
7.299204
7.300204
7.301205
7.302205
7.303205
7.304205
7.305205
7.306205
7.307205
7.308205
7.309205
7.310205
7.311206
7.312206
7.313206
7.314206
7.315206
7.315378
7.315378
7.316378
7.317378
7.318378
7.319378
7.320378
7.321379
7.322379
7.323379
7.324379
7.325379
7.326379
7.327379
7.328379
7.329379
7.330379
7.331380
7.332380
7.333380
7.334380
7.335380
7.336380
7.337380
7.338380
7.339380
7.340380
7.341381
7.342381
7.343381
7.344381
7.345381
7.346381
7.347381
7.348381
7.349381
7.350381
7.351382
7.352382
7.353382
7.354382
7.355382
7.356382
7.357382
7.358382
7.359382
7.360382
7.361383
7.362383
7.363383
7.364383
7.365383
7.366383
7.367383
7.368383
7.369383
7.370383
7.371384
7.372384
7.373384
7.374384
7.375384
7.376384
7.377384
7.378384
7.379384
7.380384
7.381385
7.382385
7.383385
7.384385
7.385385
7.386385
7.387385
7.388385
7.389385
7.390385
7.391386
7.392386
7.393386
7.394386
7.395386
7.396386
7.397386
7.398386
7.399386
7.400386
7.401387
7.402387
7.403387
7.404387
7.405387
7.406387
7.407387
7.408387
7.409387
7.410387
7.411388
7.412388
7.413388
7.414388
7.415388
7.416388
7.417388
7.418388
7.419388
7.420388
7.421389
7.422389
7.423389
7.424389
7.425389
7.426389
7.427389
7.428389
7.429389
7.430389
7.431390
7.432390
7.433390
7.434390
7.435390
7.436390
7.437390
7.438390
7.439390
7.440390
7.441391
7.442391
7.443391
7.444391
7.445391
7.446391
7.447391
7.448391
7.449391
7.450391
7.451392
7.452392
7.453392
7.454244
7.454244
7.455244
7.456244
7.457244
7.458244
7.459244
7.460244
7.461244
7.462244
7.463245
7.464245
7.465245
7.466245
7.467245
7.468245
7.469245
7.470245
7.471245
7.472245
7.473246
7.474246
7.475246
7.476246
7.477246
7.478246
7.479246
7.480246
7.481246
7.482246
7.483247
7.484247
7.485247
7.486247
7.487247
7.488247
7.489247
7.490247
7.491247
7.492247
7.493248
7.494248
7.495248
7.496248
7.497248
7.498248
7.499248
7.500248
7.501248
7.502248
7.503249
7.504249
7.505249
7.506249
7.507249
7.508249
7.509249
7.510249
7.511249
7.512249
7.513250
7.514250
7.515250
7.516250
7.517250
7.518250
7.519250
7.520250
7.521250
7.522250
7.523251
7.524251
7.525251
7.526251
7.527251
7.528251
7.529251
7.530251
7.531251
7.532251
7.533252
7.534252
7.535252
7.536252
7.537252
7.538252
7.539252
7.540252
7.541252
7.542252
7.543253
7.544253
7.545253
7.546253
7.547253
7.548253
7.549253
7.550253
7.551253
7.552253
7.553254
7.554254
7.555254
7.556254
7.557254
7.558254
7.559254
7.560254
7.561254
7.562254
7.563255
7.564255
7.565255
7.566255
7.567255
7.568255
7.569255
7.570255
7.571255
7.572255
7.573256
7.574256
7.575256
7.576256
7.577256
7.578256
7.579256
7.580256
7.581256
7.582256
7.583257
7.584257
7.585257
7.586257
7.587257
7.588257
7.589257
7.590257
7.591257
7.592257
7.593258
7.594258
7.595258
7.595378
7.595378
7.596378
7.597378
7.598379
7.599379
7.600379
7.601379
7.602379
7.603379
7.604379
7.605379
7.606379
7.607379
7.608380
7.609380
7.610380
7.611380
7.612380
7.613380
7.614380
7.615380
7.616380
7.617380
7.618381
7.619381
7.620381
7.621381
7.622381
7.623381
7.624381
7.625381
7.626381
7.627381
7.628382
7.629382
7.630382
7.631382
7.632382
7.633382
7.634382
7.635382
7.636382
7.637382
7.638383
7.639383
7.640383
7.641383
7.642383
7.643383
7.644383
7.645383
7.646383
7.647383
7.648384
7.649384
7.650384
7.651384
7.652384
7.653384
7.654384
7.655384
7.656384
7.657384
7.658385
7.659385
7.660385
7.661385
7.662385
7.663385
7.664385
7.665385
7.666385
7.667385
7.668386
7.669386
7.670386
7.671386
7.672386
7.673386
7.674386
7.675386
7.676386
7.677386
7.678387
7.679387
7.680387
7.681387
7.682387
7.683387
7.684387
7.685387
7.686387
7.687387
7.688388
7.689388
7.690388
7.691388
7.692388
7.693388
7.694388
7.695388
7.696388
7.697388
7.698389
7.699389
7.700389
7.701389
7.702389
7.703389
7.704389
7.705389
7.706389
7.707389
7.708390
7.709390
7.710390
7.711390
7.712390
7.713390
7.714390
7.715390
7.716390
7.717390
7.718391
7.719391
7.720391
7.721391
7.722391
7.723391
7.724391
7.725391
7.726391
7.727391
7.728392
7.729392
7.730392
7.731392
7.732392
7.733392
7.734392
7.734410
7.734410
7.735410
7.736411
7.737411
7.738411
7.739411
7.740411
7.741411
7.742411
7.743411
7.744411
7.745411
7.746412
7.747412
7.748412
7.749412
7.750412
7.751412
7.752412
7.753412
7.754412
7.755412
7.756413
7.757413
7.758413
7.759413
7.760413
7.761413
7.762413
7.763413
7.764413
7.765413
7.766414
7.767414
7.768414
7.769414
7.770414
7.771414
7.772414
7.773414
7.774414
7.775414
7.776415
7.777415
7.778415
7.779415
7.780415
7.781415
7.782415
7.783415
7.784415
7.785415
7.786416
7.787416
7.788416
7.789416
7.790416
7.791416
7.792416
7.793416
7.794416
7.795416
7.796417
7.797417
7.798417
7.799417
7.800417
7.801417
7.802417
7.803417
7.804417
7.805417
7.806418
7.807418
7.808418
7.809418
7.810418
7.811418
7.812418
7.813418
7.814418
7.815418
7.816419
7.817419
7.818419
7.819419
7.820419
7.821419
7.822419
7.823419
7.824419
7.825419
7.826420
7.827420
7.828420
7.829420
7.830420
7.831420
7.832420
7.833420
7.834420
7.835420
7.836421
7.837421
7.838421
7.839421
7.840421
7.841421
7.842421
7.843421
7.844421
7.845421
7.846422
7.847422
7.848422
7.849422
7.850422
7.851422
7.852422
7.853422
7.854422
7.855422
7.856423
7.857423
7.858423
7.859423
7.860423
7.861423
7.862423
7.863423
7.864423
7.865423
7.866424
7.867424
7.868424
7.869424
7.870424
7.871424
7.872424
7.873424
7.874424
7.875424
7.875471
7.875471
7.876471
7.877471
7.878471
7.879471
7.880471
7.881471
7.882472
7.883472
7.884472
7.885472
7.886472
7.887472
7.888472
7.889472
7.890472
7.891472
7.892473
7.893473
7.894473
7.895473
7.896473
7.897473
7.898473
7.899473
7.900473
7.901473
7.902474
7.903474
7.904474
7.905474
7.906474
7.907474
7.908474
7.909474
7.910474
7.911474
7.912475
7.913475
7.914475
7.915475
7.916475
7.917475
7.918475
7.919475
7.920475
7.921475
7.922476
7.923476
7.924476
7.925476
7.926476
7.927476
7.928476
7.929476
7.930476
7.931476
7.932477
7.933477
7.934477
7.935477
7.936477
7.937477
7.938477
7.939477
7.940477
7.941477
7.942478
7.943478
7.944478
7.945478
7.946478
7.947478
7.948478
7.949478
7.950478
7.951478
7.952479
7.953479
7.954479
7.955479
7.956479
7.957479
7.958479
7.959479
7.960479
7.961479
7.962480
7.963480
7.964480
7.965480
7.966480
7.967480
7.968480
7.969480
7.970480
7.971480
7.972481
7.973481
7.974481
7.975481
7.976481
7.977481
7.978481
7.979481
7.980481
7.981481
7.982482
7.983482
7.984482
7.985482
7.986482
7.987482
7.988482
7.989482
7.990482
7.991482
7.992483
7.993483
7.994483
7.995483
7.996483
7.997483
7.998483
7.999483
8.000483
8.001483
8.002484
8.003484
8.004484
8.005484
8.006484
8.007484
8.008484
8.009484
8.010484
8.011484
8.012485
8.013485
8.014485
8.014660
8.014660
8.015660
8.016660
8.017660
8.018660
8.019660
8.020660
8.021660
8.022661
8.023661
8.024661
8.025661
8.026661
8.027661
8.028661
8.029661
8.030661
8.031661
8.032662
8.033662
8.034662
8.035662
8.036662
8.037662
8.038662
8.039662
8.040662
8.041662
8.042663
8.043663
8.044663
8.045663
8.046663
8.047663
8.048663
8.049663
8.050663
8.051663
8.052664
8.053664
8.054664
8.055664
8.056664
8.057664
8.058664
8.059664
8.060664
8.061664
8.062665
8.063665
8.064665
8.065665
8.066665
8.067665
8.068665
8.069665
8.070665
8.071665
8.072666
8.073666
8.074666
8.075666
8.076666
8.077666
8.078666
8.079666
8.080666
8.081666
8.082667
8.083667
8.084667
8.085667
8.086667
8.087667
8.088667
8.089667
8.090667
8.091667
8.092668
8.093668
8.094668
8.095668
8.096668
8.097668
8.098668
8.099668
8.100668
8.101668
8.102669
8.103669
8.104669
8.105669
8.106669
8.107669
8.108669
8.109669
8.110669
8.111669
8.112670
8.113670
8.114670
8.115670
8.116670
8.117670
8.118670
8.119670
8.120670
8.121670
8.122671
8.123671
8.124671
8.125671
8.126671
8.127671
8.128671
8.129671
8.130671
8.131671
8.132672
8.133672
8.134672
8.135672
8.136672
8.137672
8.138672
8.139672
8.140672
8.141672
8.142673
8.143673
8.144673
8.145673
8.146673
8.147673
8.148673
8.149673
8.150673
8.151673
8.152674
8.153674
8.154674
8.155627
8.155627
8.156627
8.157627
8.158627
8.159628
8.160628
8.161628
8.162628
8.163628
8.164628
8.165628
8.166628
8.167628
8.168628
8.169629
8.170629
8.171629
8.172629
8.173629
8.174629
8.175629
8.176629
8.177629
8.178629
8.179630
8.180630
8.181630
8.182630
8.183630
8.184630
8.185630
8.186630
8.187630
8.188630
8.189631
8.190631
8.191631
8.192631
8.193631
8.194631
8.195631
8.196631
8.197631
8.198631
8.199632
8.200632
8.201632
8.202632
8.203632
8.204632
8.205632
8.206632
8.207632
8.208632
8.209633
8.210633
8.211633
8.212633
8.213633
8.214633
8.215633
8.216633
8.217633
8.218633
8.219634
8.220634
8.221634
8.222634
8.223634
8.224634
8.225634
8.226634
8.227634
8.228634
8.229635
8.230635
8.231635
8.232635
8.233635
8.234635
8.235635
8.236635
8.237635
8.238635
8.239636
8.240636
8.241636
8.242636
8.243636
8.244636
8.245636
8.246636
8.247636
8.248636
8.249637
8.250637
8.251637
8.252637
8.253637
8.254637
8.255637
8.256637
8.257637
8.258637
8.259638
8.260638
8.261638
8.262638
8.263638
8.264638
8.265638
8.266638
8.267638
8.268638
8.269639
8.270639
8.271639
8.272639
8.273639
8.274639
8.275639
8.276639
8.277639
8.278639
8.279640
8.280640
8.281640
8.282640
8.283640
8.284640
8.285640
8.286640
8.287640
8.288640
8.289641
8.290641
8.291641
8.292641
8.293641
8.294641
8.294958
8.294958
8.295958
8.296958
8.297958
8.298958
8.299958
8.300959
8.301959
8.302959
8.303959
8.304959
8.305959
8.306959
8.307959
8.308959
8.309959
8.310960
8.311960
8.312960
8.313960
8.314960
8.315960
8.316960
8.317960
8.318960
8.319960
8.320961
8.321961
8.322961
8.323961
8.324961
8.325961
8.326961
8.327961
8.328961
8.329961
8.330962
8.331962
8.332962
8.333962
8.334962
8.335962
8.336962
8.337962
8.338962
8.339962
8.340963
8.341963
8.342963
8.343963
8.344963
8.345963
8.346963
8.347963
8.348963
8.349963
8.350964
8.351964
8.352964
8.353964
8.354964
8.355964
8.356964
8.357964
8.358964
8.359964
8.360965
8.361965
8.362965
8.363965
8.364965
8.365965
8.366965
8.367965
8.368965
8.369965
8.370966
8.371966
8.372966
8.373966
8.374966
8.375966
8.376966
8.377966
8.378966
8.379966
8.380967
8.381967
8.382967
8.383967
8.384967
8.385967
8.386967
8.387967
8.388967
8.389967
8.390968
8.391968
8.392968
8.393968
8.394968
8.395968
8.396968
8.397968
8.398968
8.399968
8.400969
8.401969
8.402969
8.403969
8.404969
8.405969
8.406969
8.407969
8.408969
8.409969
8.410970
8.411970
8.412970
8.413970
8.414970
8.415970
8.416970
8.417970
8.418970
8.419970
8.420971
8.421971
8.422971
8.423971
8.424971
8.425971
8.426971
8.427971
8.428971
8.429971
8.430972
8.431972
8.432972
8.433972
8.434972
8.435821
